t 1 2 3 4 5 6 jV0200 jV0400 
0 0 0 0 0 0 0 0 0
0.0001 0.00331785 1 0.0030175 1 6.6357e-08 6.035e-08 -4.98341e-05 -4.98491e-05
0.0002 0.011039 2 0.0100413 2 2.20779e-07 2.00827e-07 -9.94481e-05 -9.94979e-05
0.0003 0.023503 3 0.0213828 3 4.70059e-07 4.27656e-07 -0.000148825 -0.000148931
0.0004 0.0408006 4 0.037127 4 8.16012e-07 7.4254e-07 -0.00019796 -0.000198144
0.0005 0.0629394 5 0.0572836 5 1.25879e-06 1.14567e-06 -0.000246853 -0.000247136
0.0006 0.0898995 6 0.0818371 6 1.79799e-06 1.63674e-06 -0.000295505 -0.000295908
0.0007 0.121652 7 0.110764 7 2.43304e-06 2.21528e-06 -0.000343917 -0.000344462
0.0008 0.158164 8 0.144037 8 3.16329e-06 2.88075e-06 -0.000392092 -0.000392798
0.0009 0.199405 9 0.181631 9 3.9881e-06 3.63261e-06 -0.00044003 -0.000440918
0.001 0.24534 10 0.223517 10 4.9068e-06 4.47033e-06 -0.000487733 -0.000488824
0.0011 0.295937 11 0.269668 11 5.91875e-06 5.39336e-06 -0.000535203 -0.000536517
0.0012 0.351164 12 0.320057 12 7.02329e-06 6.40115e-06 -0.000582442 -0.000583997
0.0013 0.410989 13 0.374658 13 8.21977e-06 7.49317e-06 -0.000629451 -0.000631267
0.0014 0.475378 14 0.433444 14 9.50757e-06 8.66888e-06 -0.000676231 -0.000678328
0.0015 0.544302 15 0.496388 15 1.0886e-05 9.92776e-06 -0.000722785 -0.000725181
0.0016 0.617727 16 0.563464 16 1.23545e-05 1.12693e-05 -0.000769114 -0.000771827
0.0017 0.695622 17 0.634645 17 1.39124e-05 1.26929e-05 -0.000815219 -0.000818268
0.0018 0.777957 18 0.709906 18 1.55591e-05 1.41981e-05 -0.000861102 -0.000864505
0.0019 0.8647 19 0.78922 19 1.7294e-05 1.57844e-05 -0.000906765 -0.000910539
0.002 0.95582 20 0.872563 20 1.91164e-05 1.74513e-05 -0.000952209 -0.000956372
0.0021 1.05129 21 0.959908 21 2.10258e-05 1.91982e-05 -0.000997436 -0.001002
0.0022 1.15107 22 1.05123 22 2.30214e-05 2.10246e-05 -0.00104245 -0.00104744
0.0023 1.25514 23 1.1465 23 2.51029e-05 2.29301e-05 -0.00108724 -0.00109267
0.0024 1.36347 24 1.2457 24 2.72694e-05 2.49141e-05 -0.00113183 -0.00113771
0.0025 1.47602 25 1.34881 25 2.95205e-05 2.69761e-05 -0.0011762 -0.00118256
0.0026 1.59278 26 1.45578 26 3.18555e-05 2.91157e-05 -0.00122036 -0.00122721
0.0027 1.7137 27 1.56662 27 3.42739e-05 3.13323e-05 -0.00126432 -0.00127167
0.0028 1.83876 28 1.68128 28 3.67751e-05 3.36255e-05 -0.00130806 -0.00131594
0.0029 1.96792 29 1.79974 29 3.93585e-05 3.59948e-05 -0.0013516 -0.00136001
0.003 2.10118 30 1.92198 30 4.20235e-05 3.84397e-05 -0.00139494 -0.0014039
0.0031 2.23848 31 2.04798 31 4.47696e-05 4.09596e-05 -0.00143808 -0.0014476
0.0032 2.37981 32 2.17771 32 4.75962e-05 4.35542e-05 -0.00148101 -0.00149111
0.0033 2.52513 33 2.31115 33 5.05027e-05 4.6223e-05 -0.00152374 -0.00153444
0.0034 2.67443 34 2.44827 34 5.34886e-05 4.89655e-05 -0.00156628 -0.00157759
0.0035 2.82766 35 2.58906 35 5.65533e-05 5.17812e-05 -0.00160862 -0.00162055
0.0036 2.98481 36 2.73348 36 5.96963e-05 5.46696e-05 -0.00165076 -0.00166333
0.0037 3.14585 37 2.88152 37 6.2917e-05 5.76304e-05 -0.00169271 -0.00170592
0.0038 3.31075 38 3.03315 38 6.62149e-05 6.06629e-05 -0.00173446 -0.00174834
0.0039 3.47947 39 3.18835 39 6.95895e-05 6.37669e-05 -0.00177603 -0.00179058
0.004 3.65201 40 3.34709 40 7.30401e-05 6.69418e-05 -0.0018174 -0.00183265
0.0041 3.82832 41 3.50936 41 7.65664e-05 7.01872e-05 -0.00185858 -0.00187453
0.0042 4.00838 42 3.67513 42 8.01677e-05 7.35026e-05 -0.00189958 -0.00191624
0.0043 4.19217 43 3.84438 43 8.38435e-05 7.68876e-05 -0.00194039 -0.00195778
0.0044 4.37967 44 4.01709 44 8.75933e-05 8.03418e-05 -0.00198102 -0.00199915
0.0045 4.57083 45 4.19323 45 9.14167e-05 8.38647e-05 -0.00202146 -0.00204034
0.0046 4.76565 46 4.37279 46 9.5313e-05 8.74558e-05 -0.00206172 -0.00208136
0.0047 4.96409 47 4.55574 47 9.92818e-05 9.11148e-05 -0.0021018 -0.00212221
0.0048 5.16613 48 4.74206 48 0.000103323 9.48412e-05 -0.00214169 -0.0021629
0.0049 5.37174 49 4.93173 49 0.000107435 9.86346e-05 -0.00218141 -0.00220341
0.005 5.5809 50 5.12473 50 0.000111618 0.000102495 -0.00222096 -0.00224376
0.0051 5.79358 51 5.32103 51 0.000115872 0.000106421 -0.00226032 -0.00228395
0.0052 6.00976 52 5.52062 52 0.000120195 0.000110412 -0.00229951 -0.00232397
0.0053 6.22942 53 5.72347 53 0.000124588 0.000114469 -0.00233853 -0.00236383
0.0054 6.45253 54 5.92957 54 0.000129051 0.000118591 -0.00237737 -0.00240352
0.0055 6.67906 55 6.13889 55 0.000133581 0.000122778 -0.00241605 -0.00244306
0.0056 6.909 56 6.35142 56 0.00013818 0.000127028 -0.00245455 -0.00248243
0.0057 7.14231 57 6.56713 57 0.000142846 0.000131343 -0.00249288 -0.00252164
0.0058 7.37898 58 6.786 58 0.00014758 0.00013572 -0.00253105 -0.0025607
0.0059 7.61898 59 7.00801 59 0.00015238 0.00014016 -0.00256905 -0.0025996
0.006 7.86229 60 7.23315 60 0.000157246 0.000144663 -0.00260689 -0.00263834
0.0061 8.10889 61 7.46139 61 0.000162178 0.000149228 -0.00264456 -0.00267693
0.0062 8.35874 62 7.69271 62 0.000167175 0.000153854 -0.00268206 -0.00271536
0.0063 8.61184 63 7.9271 63 0.000172237 0.000158542 -0.00271941 -0.00275364
0.0064 8.86816 64 8.16453 64 0.000177363 0.000163291 -0.00275659 -0.00279177
0.0065 9.12766 65 8.40499 65 0.000182553 0.0001681 -0.00279362 -0.00282975
0.0066 9.39035 66 8.64845 66 0.000187807 0.000172969 -0.00283048 -0.00286758
0.0067 9.65618 67 8.8949 67 0.000193124 0.000177898 -0.00286719 -0.00290526
0.0068 9.92514 68 9.14431 68 0.000198503 0.000182886 -0.00290374 -0.00294278
0.0069 10.1972 69 9.39668 69 0.000203944 0.000187934 -0.00294014 -0.00298017
0.007 10.4724 70 9.65197 70 0.000209447 0.000193039 -0.00297638 -0.0030174
0.0071 10.7506 71 9.91018 71 0.000215011 0.000198204 -0.00301247 -0.00305449
0.0072 11.0318 72 10.1713 72 0.000220637 0.000203426 -0.00304841 -0.00309144
0.0073 11.3161 73 10.4353 73 0.000226322 0.000208705 -0.00308419 -0.00312824
0.0074 11.6034 74 10.7021 74 0.000232068 0.000214042 -0.00311983 -0.0031649
0.0075 11.8936 75 10.9718 75 0.000237873 0.000219435 -0.00315532 -0.00320141
0.0076 12.1868 76 11.2442 76 0.000243737 0.000224885 -0.00319066 -0.00323779
0.0077 12.483 77 11.5195 77 0.00024966 0.000230391 -0.00322585 -0.00327402
0.0078 12.7821 78 11.7976 78 0.000255641 0.000235952 -0.0032609 -0.00331012
0.0079 13.084 79 12.0785 79 0.000261681 0.000241569 -0.0032958 -0.00334608
0.008 13.3889 80 12.3621 80 0.000267777 0.000247241 -0.00333056 -0.0033819
0.0081 13.6966 81 12.6484 81 0.000273931 0.000252968 -0.00336517 -0.00341758
0.0082 14.0071 82 12.9374 82 0.000280142 0.000258748 -0.00339965 -0.00345313
0.0083 14.3204 83 13.2292 83 0.000286409 0.000264583 -0.00343398 -0.00348854
0.0084 14.6366 84 13.5236 84 0.000292732 0.000270472 -0.00346817 -0.00352382
0.0085 14.9555 85 13.8207 85 0.00029911 0.000276413 -0.00350222 -0.00355897
0.0086 15.2772 86 14.1204 86 0.000305544 0.000282408 -0.00353614 -0.00359398
0.0087 15.6016 87 14.4227 87 0.000312032 0.000288455 -0.00356992 -0.00362886
0.0088 15.9288 88 14.7277 88 0.000318575 0.000294554 -0.00360356 -0.00366361
0.0089 16.2586 89 15.0353 89 0.000325172 0.000300706 -0.00363707 -0.00369824
0.009 16.5911 90 15.3454 90 0.000331822 0.000306909 -0.00367044 -0.00373273
0.0091 16.9263 91 15.6581 91 0.000338526 0.000313163 -0.00370369 -0.00376709
0.0092 17.2641 92 15.9734 92 0.000345283 0.000319468 -0.00373679 -0.00380133
0.0093 17.6046 93 16.2912 93 0.000352092 0.000325824 -0.00376977 -0.00383544
0.0094 17.9476 94 16.6115 94 0.000358953 0.00033223 -0.00380262 -0.00386942
0.0095 18.2933 95 16.9343 95 0.000365866 0.000338686 -0.00383534 -0.00390328
0.0096 18.6415 96 17.2596 96 0.00037283 0.000345192 -0.00386792 -0.00393702
0.0097 18.9923 97 17.5874 97 0.000379846 0.000351747 -0.00390039 -0.00397063
0.0098 19.3456 98 17.9176 98 0.000386912 0.000358351 -0.00393272 -0.00400412
0.0099 19.7014 99 18.2502 99 0.000394029 0.000365004 -0.00396493 -0.00403749
0.01 20.0598 100 18.5853 100 0.000401195 0.000371705 -0.00399701 -0.00407074
0.0101 20.4173 100 18.9197 100 0.000408345 0.000378394 -0.00397914 -0.00405401
0.0102 20.7728 100 19.2526 100 0.000415457 0.000385051 -0.00396136 -0.00403737
0.0103 21.1261 100 19.5835 100 0.000422522 0.000391669 -0.0039437 -0.00402083
0.0104 21.477 100 19.9123 100 0.000429539 0.000398246 -0.00392615 -0.00400438
0.0105 21.8254 100 20.2391 100 0.000436508 0.000404782 -0.00390873 -0.00398805
0.0106 22.1714 100 20.5638 100 0.000443428 0.000411276 -0.00389143 -0.00397181
0.0107 22.515 100 20.8865 100 0.0004503 0.000417729 -0.00387425 -0.00395568
0.0108 22.8562 100 21.2071 100 0.000457124 0.000424142 -0.00385719 -0.00393965
0.0109 23.195 100 21.5257 100 0.000463901 0.000430513 -0.00384025 -0.00392372
0.011 23.5315 100 21.8422 100 0.00047063 0.000436844 -0.00382343 -0.00390789
0.0111 23.8656 100 22.1568 100 0.000477312 0.000443135 -0.00380672 -0.00389216
0.0112 24.1974 100 22.4693 100 0.000483948 0.000449387 -0.00379013 -0.00387653
0.0113 24.5269 100 22.7799 100 0.000490537 0.000455598 -0.00377366 -0.003861
0.0114 24.854 100 23.0885 100 0.000497081 0.00046177 -0.0037573 -0.00384557
0.0115 25.1789 100 23.3952 100 0.000503578 0.000467903 -0.00374105 -0.00383024
0.0116 25.5015 100 23.6999 100 0.000510031 0.000473997 -0.00372492 -0.00381501
0.0117 25.8219 100 24.0026 100 0.000516438 0.000480052 -0.0037089 -0.00379987
0.0118 26.1401 100 24.3035 100 0.000522801 0.000486069 -0.003693 -0.00378483
0.0119 26.456 100 24.6024 100 0.000529119 0.000492048 -0.0036772 -0.00376988
0.012 26.7697 100 24.8995 100 0.000535394 0.000497989 -0.00366152 -0.00375503
0.0121 27.0812 100 25.1946 100 0.000541624 0.000503892 -0.00364594 -0.00374027
0.0122 27.3906 100 25.4879 100 0.000547811 0.000509758 -0.00363047 -0.00372561
0.0123 27.6978 100 25.7793 100 0.000553955 0.000515586 -0.00361511 -0.00371103
0.0124 28.0028 100 26.0689 100 0.000560056 0.000521378 -0.00359986 -0.00369656
0.0125 28.3057 100 26.3566 100 0.000566115 0.000527133 -0.00358471 -0.00368217
0.0126 28.6065 100 26.6426 100 0.000572131 0.000532851 -0.00356967 -0.00366787
0.0127 28.9053 100 26.9267 100 0.000578105 0.000538533 -0.00355474 -0.00365367
0.0128 29.2019 100 27.209 100 0.000584038 0.000544179 -0.00353991 -0.00363955
0.0129 29.4964 100 27.4895 100 0.000589929 0.000549789 -0.00352518 -0.00362553
0.013 29.7889 100 27.7682 100 0.000595779 0.000555364 -0.00351055 -0.00361159
0.0131 30.0794 100 28.0451 100 0.000601588 0.000560903 -0.00349603 -0.00359774
0.0132 30.3679 100 28.3204 100 0.000607357 0.000566407 -0.00348161 -0.00358398
0.0133 30.6543 100 28.5938 100 0.000613086 0.000571876 -0.00346729 -0.00357031
0.0134 30.9387 100 28.8655 100 0.000618774 0.000577311 -0.00345306 -0.00355672
0.0135 31.2211 100 29.1355 100 0.000624423 0.000582711 -0.00343894 -0.00354322
0.0136 31.5016 100 29.4038 100 0.000630032 0.000588076 -0.00342492 -0.00352981
0.0137 31.7801 100 29.6704 100 0.000635603 0.000593408 -0.00341099 -0.00351648
0.0138 32.0567 100 29.9353 100 0.000641134 0.000598706 -0.00339716 -0.00350324
0.0139 32.3314 100 30.1985 100 0.000646627 0.00060397 -0.00338343 -0.00349007
0.014 32.6041 100 30.4601 100 0.000652082 0.000609201 -0.0033698 -0.003477
0.0141 32.8749 100 30.7199 100 0.000657498 0.000614399 -0.00335625 -0.003464
0.0142 33.1439 100 30.9782 100 0.000662877 0.000619564 -0.00334281 -0.00345109
0.0143 33.4109 100 31.2348 100 0.000668218 0.000624695 -0.00332945 -0.00343826
0.0144 33.6761 100 31.4897 100 0.000673522 0.000629795 -0.00331619 -0.00342551
0.0145 33.9395 100 31.7431 100 0.000678789 0.000634862 -0.00330303 -0.00341285
0.0146 34.201 100 31.9948 100 0.000684019 0.000639897 -0.00328995 -0.00340026
0.0147 34.4607 100 32.245 100 0.000689213 0.0006449 -0.00327697 -0.00338775
0.0148 34.7185 100 32.4936 100 0.000694371 0.000649871 -0.00326407 -0.00337532
0.0149 34.9746 100 32.7405 100 0.000699492 0.000654811 -0.00325127 -0.00336297
0.015 35.2289 100 32.986 100 0.000704578 0.000659719 -0.00323855 -0.0033507
0.0151 35.4814 100 33.2298 100 0.000709628 0.000664596 -0.00322593 -0.00333851
0.0152 35.7322 100 33.4721 100 0.000714644 0.000669443 -0.00321339 -0.00332639
0.0153 35.9812 100 33.7129 100 0.000719624 0.000674258 -0.00320094 -0.00331435
0.0154 36.2285 100 33.9522 100 0.000724569 0.000679043 -0.00318858 -0.00330239
0.0155 36.474 100 34.1899 100 0.00072948 0.000683798 -0.0031763 -0.00329051
0.0156 36.7178 100 34.4261 100 0.000734357 0.000688522 -0.00316411 -0.00327869
0.0157 36.96 100 34.6608 100 0.000739199 0.000693217 -0.003152 -0.00326696
0.0158 37.2004 100 34.8941 100 0.000744008 0.000697882 -0.00313998 -0.0032553
0.0159 37.4392 100 35.1258 100 0.000748783 0.000702517 -0.00312804 -0.00324371
0.016 37.6763 100 35.3561 100 0.000753525 0.000707122 -0.00311619 -0.00323219
0.0161 37.9117 100 35.5849 100 0.000758234 0.000711699 -0.00310441 -0.00322075
0.0162 38.1455 100 35.8123 100 0.00076291 0.000716246 -0.00309272 -0.00320938
0.0163 38.3777 100 36.0383 100 0.000767554 0.000720765 -0.00308112 -0.00319809
0.0164 38.6082 100 36.2628 100 0.000772165 0.000725255 -0.00306959 -0.00318686
0.0165 38.8372 100 36.4858 100 0.000776744 0.000729717 -0.00305814 -0.00317571
0.0166 39.0645 100 36.7075 100 0.000781291 0.00073415 -0.00304677 -0.00316463
0.0167 39.2903 100 36.9277 100 0.000785806 0.000738555 -0.00303549 -0.00315361
0.0168 39.5145 100 37.1466 100 0.000790289 0.000742932 -0.00302428 -0.00314267
0.0169 39.7371 100 37.3641 100 0.000794742 0.000747281 -0.00301315 -0.0031318
0.017 39.9582 100 37.5802 100 0.000799163 0.000751603 -0.00300209 -0.00312099
0.0171 40.1777 100 37.7949 100 0.000803554 0.000755897 -0.00299112 -0.00311026
0.0172 40.3957 100 38.0082 100 0.000807914 0.000760165 -0.00298022 -0.00309959
0.0173 40.6122 100 38.2202 100 0.000812243 0.000764405 -0.00296939 -0.00308899
0.0174 40.8271 100 38.4309 100 0.000816543 0.000768618 -0.00295864 -0.00307846
0.0175 41.0406 100 38.6402 100 0.000820812 0.000772804 -0.00294797 -0.00306799
0.0176 41.2526 100 38.8482 100 0.000825051 0.000776964 -0.00293737 -0.00305759
0.0177 41.4631 100 39.0549 100 0.000829261 0.000781098 -0.00292685 -0.00304726
0.0178 41.6721 100 39.2602 100 0.000833442 0.000785205 -0.0029164 -0.00303699
0.0179 41.8797 100 39.4643 100 0.000837593 0.000789286 -0.00290602 -0.00302678
0.018 42.0858 100 39.6671 100 0.000841716 0.000793341 -0.00289571 -0.00301665
0.0181 42.2905 100 39.8685 100 0.00084581 0.000797371 -0.00288548 -0.00300657
0.0182 42.4937 100 40.0687 100 0.000849875 0.000801375 -0.00287531 -0.00299656
0.0183 42.6956 100 40.2677 100 0.000853912 0.000805354 -0.00286522 -0.00298662
0.0184 42.896 100 40.4654 100 0.00085792 0.000809307 -0.0028552 -0.00297673
0.0185 43.095 100 40.6618 100 0.000861901 0.000813235 -0.00284525 -0.00296691
0.0186 43.2927 100 40.8569 100 0.000865854 0.000817139 -0.00283537 -0.00295715
0.0187 43.489 100 41.0509 100 0.000869779 0.000821017 -0.00282555 -0.00294746
0.0188 43.6839 100 41.2436 100 0.000873677 0.000824871 -0.00281581 -0.00293782
0.0189 43.8774 100 41.435 100 0.000877548 0.000828701 -0.00280613 -0.00292825
0.019 44.0696 100 41.6253 100 0.000881392 0.000832506 -0.00279652 -0.00291873
0.0191 44.2604 100 41.8144 100 0.000885209 0.000836287 -0.00278698 -0.00290928
0.0192 44.4499 100 42.0022 100 0.000888999 0.000840045 -0.0027775 -0.00289989
0.0193 44.6381 100 42.1889 100 0.000892763 0.000843778 -0.00276809 -0.00289056
0.0194 44.825 100 42.3744 100 0.0008965 0.000847488 -0.00275875 -0.00288128
0.0195 45.0106 100 42.5587 100 0.000900212 0.000851174 -0.00274947 -0.00287207
0.0196 45.1949 100 42.7418 100 0.000903898 0.000854836 -0.00274026 -0.00286291
0.0197 45.3779 100 42.9238 100 0.000907557 0.000858476 -0.00273111 -0.00285381
0.0198 45.5596 100 43.1046 100 0.000911192 0.000862092 -0.00272202 -0.00284477
0.0199 45.74 100 43.2843 100 0.000914801 0.000865686 -0.002713 -0.00283579
0.02 45.9192 100 43.4628 100 0.000918385 0.000869256 -0.00270404 -0.00282686
0.0201 46.0972 100 43.6402 100 0.000921944 0.000872804 -0.00269514 -0.00281799
0.0202 46.2739 100 43.8165 100 0.000925478 0.00087633 -0.00268631 -0.00280918
0.0203 46.4494 100 43.9917 100 0.000928987 0.000879833 -0.00267753 -0.00280042
0.0204 46.6236 100 44.1657 100 0.000932472 0.000883314 -0.00266882 -0.00279171
0.0205 46.7966 100 44.3386 100 0.000935933 0.000886773 -0.00266017 -0.00278307
0.0206 46.9685 100 44.5105 100 0.000939369 0.00089021 -0.00265158 -0.00277448
0.0207 47.1391 100 44.6812 100 0.000942782 0.000893625 -0.00264305 -0.00276594
0.0208 47.3085 100 44.8509 100 0.000946171 0.000897018 -0.00263457 -0.00275745
0.0209 47.4768 100 45.0195 100 0.000949536 0.00090039 -0.00262616 -0.00274902
0.021 47.6439 100 45.187 100 0.000952877 0.000903741 -0.00261781 -0.00274065
0.0211 47.8098 100 45.3535 100 0.000956195 0.00090707 -0.00260951 -0.00273232
0.0212 47.9745 100 45.5189 100 0.000959491 0.000910378 -0.00260127 -0.00272405
0.0213 48.1381 100 45.6833 100 0.000962763 0.000913665 -0.00259309 -0.00271584
0.0214 48.3006 100 45.8466 100 0.000966012 0.000916932 -0.00258497 -0.00270767
0.0215 48.4619 100 46.0089 100 0.000969239 0.000920177 -0.0025769 -0.00269956
0.0216 48.6221 100 46.1701 100 0.000972443 0.000923402 -0.00256889 -0.00269149
0.0217 48.7812 100 46.3303 100 0.000975625 0.000926607 -0.00256094 -0.00268348
0.0218 48.9392 100 46.4896 100 0.000978784 0.000929791 -0.00255304 -0.00267552
0.0219 49.0961 100 46.6478 100 0.000981922 0.000932955 -0.0025452 -0.00266761
0.022 49.2519 100 46.805 100 0.000985038 0.000936099 -0.00253741 -0.00265975
0.0221 49.4066 100 46.9612 100 0.000988132 0.000939223 -0.00252967 -0.00265194
0.0222 49.5602 100 47.1164 100 0.000991204 0.000942327 -0.00252199 -0.00264418
0.0223 49.7127 100 47.2706 100 0.000994255 0.000945412 -0.00251436 -0.00263647
0.0224 49.8642 100 47.4238 100 0.000997284 0.000948477 -0.00250679 -0.00262881
0.0225 46.9608 100 47.5761 100 0.0469608 0.000951522 -0.00265196 -0.00262119
0.0226 43.2956 100 47.7274 100 0.0432956 0.000954548 -0.00283522 -0.00261363
0.0227 39.6329 100 47.8778 100 0.0396329 0.000957555 -0.00301835 -0.00260611
0.0228 36.2106 100 48.0272 100 0.0362106 0.000960543 -0.00318947 -0.00259864
0.0229 33.0871 100 48.1756 100 0.0330871 0.000963512 -0.00334565 -0.00259122
0.023 30.261 100 48.3231 100 0.030261 0.000966462 -0.00348695 -0.00258384
0.0231 27.7124 100 48.4697 100 0.0277124 0.000969394 -0.00361438 -0.00257652
0.0232 25.417 100 48.6153 100 0.025417 0.000972306 -0.00372915 -0.00256923
0.0233 23.3507 100 48.76 100 0.0233507 0.000975201 -0.00383247 -0.002562
0.0234 21.4909 100 48.9038 100 0.0214909 0.000978077 -0.00392546 -0.00255481
0.0235 19.8171 100 49.0467 100 0.0198171 0.000980934 -0.00400915 -0.00254766
0.0236 18.3107 100 49.1887 100 0.0183107 0.000983774 -0.00408446 -0.00254056
0.0237 16.9551 100 49.3298 100 0.0169551 0.000986596 -0.00415225 -0.00253351
0.0238 15.7351 100 49.47 100 0.0157351 0.000989399 -0.00421325 -0.0025265
0.0239 14.6371 100 49.6093 100 0.0146371 0.000992185 -0.00426814 -0.00251954
0.024 13.6491 100 49.7477 100 0.0136491 0.000994953 -0.00431755 -0.00251262
0.0241 12.7599 100 49.8852 100 0.0127599 0.000997704 -0.00436201 -0.00250574
0.0242 11.9596 100 47.2286 100 0.0119596 0.0472286 -0.00440202 -0.00263857
0.0243 11.2394 100 43.8553 100 0.0112394 0.0438553 -0.00443803 -0.00280723
0.0244 10.5913 100 40.4593 100 0.0105913 0.0404593 -0.00447043 -0.00297704
0.0245 10.008 100 37.2592 100 0.010008 0.0372592 -0.0044996 -0.00313704
0.0246 10.0998 100 34.3121 100 0.000201996 0.0343121 -0.00449501 -0.0032844
0.0247 10.4151 100 31.6205 100 0.000208303 0.0316205 -0.00447924 -0.00341897
0.0248 10.8032 100 29.1701 100 0.000216063 0.0291701 -0.00445984 -0.0035415
0.0249 11.2135 100 26.9418 100 0.00022427 0.0269418 -0.00443932 -0.00365291
0.025 11.6294 100 24.9165 100 0.000232587 0.0249165 -0.00441853 -0.00375418
0.0251 12.0451 100 23.0759 100 0.000240902 0.0230759 -0.00439774 -0.0038462
0.0252 12.4589 100 21.4034 100 0.000249177 0.0214034 -0.00437706 -0.00392983
0.0253 12.8701 100 19.8836 100 0.000257401 0.0198836 -0.0043565 -0.00400582
0.0254 13.2785 100 18.5026 100 0.00026557 0.0185026 -0.00433607 -0.00407487
0.0255 13.6841 100 17.2477 100 0.000273682 0.0172477 -0.00431579 -0.00413761
0.0256 14.0869 100 16.1074 100 0.000281738 0.0161074 -0.00429565 -0.00419463
0.0257 14.4869 100 15.0713 100 0.000289738 0.0150713 -0.00427565 -0.00424644
0.0258 14.8841 100 14.1298 100 0.000297682 0.0141298 -0.00425579 -0.00429351
0.0259 15.2786 100 13.2742 100 0.000305571 0.0132742 -0.00423607 -0.00433629
0.026 15.6702 100 12.4968 100 0.000313405 0.0124968 -0.00421649 -0.00437516
0.0261 16.0592 100 11.7904 100 0.000321184 0.0117904 -0.00419704 -0.00441048
0.0262 16.4454 100 11.1485 100 0.000328909 0.0111485 -0.00417773 -0.00444257
0.0263 16.829 100 10.5653 100 0.000336579 0.0105653 -0.00415855 -0.00447174
0.0264 17.2098 100 10.0353 100 0.000344197 0.0100353 -0.00413951 -0.00449824
0.0265 17.5881 100 10.1187 100 0.000351761 0.000202374 -0.0041206 -0.00449406
0.0266 17.9636 100 10.4054 100 0.000359273 0.000208108 -0.00410182 -0.00447973
0.0267 18.3366 100 10.7584 100 0.000366732 0.000215167 -0.00408317 -0.00446208
0.0268 18.7069 100 11.1318 100 0.000374139 0.000222636 -0.00406465 -0.00444341
0.0269 19.0747 100 11.5105 100 0.000381494 0.00023021 -0.00404626 -0.00442447
0.027 19.4399 100 11.8893 100 0.000388798 0.000237786 -0.004028 -0.00440553
0.0271 19.8026 100 12.2666 100 0.000396051 0.000245332 -0.00400987 -0.00438667
0.0272 20.1627 100 12.6417 100 0.000403254 0.000252835 -0.00399187 -0.00436791
0.0273 20.5203 100 13.0146 100 0.000410406 0.000260292 -0.00397398 -0.00434927
0.0274 20.8754 100 13.3851 100 0.000417508 0.000267703 -0.00395623 -0.00433074
0.0275 21.2281 100 13.7533 100 0.000424561 0.000275067 -0.0039386 -0.00431233
0.0276 21.5782 100 14.1192 100 0.000431565 0.000282384 -0.00392109 -0.00429404
0.0277 21.926 100 14.4827 100 0.00043852 0.000289655 -0.0039037 -0.00427586
0.0278 22.2713 100 14.844 100 0.000445426 0.00029688 -0.00388644 -0.0042578
0.0279 22.6142 100 15.2029 100 0.000452284 0.000304058 -0.00386929 -0.00423985
0.028 22.9547 100 15.5596 100 0.000459094 0.000311192 -0.00385226 -0.00422202
0.0281 23.2929 100 15.914 100 0.000465857 0.00031828 -0.00383536 -0.0042043
0.0282 23.6286 100 16.2662 100 0.000472573 0.000325323 -0.00381857 -0.00418669
0.0283 23.9621 100 16.6161 100 0.000479241 0.000332322 -0.0038019 -0.0041692
0.0284 24.2932 100 16.9638 100 0.000485864 0.000339276 -0.00378534 -0.00415181
0.0285 24.622 100 17.3093 100 0.00049244 0.000346186 -0.0037689 -0.00413454
0.0286 24.9485 100 17.6526 100 0.00049897 0.000353052 -0.00375258 -0.00411737
0.0287 25.2727 100 17.9937 100 0.000505454 0.000359874 -0.00373636 -0.00410031
0.0288 25.5947 100 18.3327 100 0.000511894 0.000366654 -0.00372027 -0.00408337
0.0289 25.9144 100 18.6695 100 0.000518288 0.00037339 -0.00370428 -0.00406653
0.029 26.2319 100 19.0042 100 0.000524638 0.000380083 -0.0036884 -0.00404979
0.0291 26.5472 100 19.3367 100 0.000530944 0.000386735 -0.00367264 -0.00403316
0.0292 26.8603 100 19.6672 100 0.000537205 0.000393343 -0.00365699 -0.00401664
0.0293 27.1712 100 19.9955 100 0.000543423 0.00039991 -0.00364144 -0.00400022
0.0294 27.4799 100 20.3218 100 0.000549598 0.000406436 -0.00362601 -0.00398391
0.0295 27.7864 100 20.646 100 0.000555729 0.00041292 -0.00361068 -0.0039677
0.0296 28.0909 100 20.9681 100 0.000561818 0.000419363 -0.00359546 -0.00395159
0.0297 28.3932 100 21.2882 100 0.000567864 0.000425764 -0.00358034 -0.00393559
0.0298 28.6934 100 21.6063 100 0.000573868 0.000432126 -0.00356533 -0.00391969
0.0299 28.9915 100 21.9223 100 0.00057983 0.000438447 -0.00355043 -0.00390388
0.03 29.2875 100 22.2364 100 0.00058575 0.000444728 -0.00353562 -0.00388818
0.0301 29.5815 100 22.5484 100 0.00059163 0.000450969 -0.00352093 -0.00387258
0.0302 29.8734 100 22.8585 100 0.000597468 0.00045717 -0.00350633 -0.00385707
0.0303 30.1633 100 23.1666 100 0.000603265 0.000463332 -0.00349184 -0.00384167
0.0304 30.4511 100 23.4728 100 0.000609023 0.000469455 -0.00347744 -0.00382636
0.0305 30.737 100 23.777 100 0.000614739 0.000475539 -0.00346315 -0.00381115
0.0306 31.0208 100 24.0792 100 0.000620416 0.000481585 -0.00344896 -0.00379604
0.0307 31.3027 100 24.3796 100 0.000626054 0.000487592 -0.00343487 -0.00378102
0.0308 31.5826 100 24.6781 100 0.000631652 0.000493561 -0.00342087 -0.0037661
0.0309 31.8606 100 24.9746 100 0.000637211 0.000499493 -0.00340697 -0.00375127
0.031 32.1366 100 25.2693 100 0.000642731 0.000505386 -0.00339317 -0.00373653
0.0311 32.4107 100 25.5621 100 0.000648213 0.000511242 -0.00337947 -0.00372189
0.0312 32.6828 100 25.8531 100 0.000653657 0.000517062 -0.00336586 -0.00370735
0.0313 32.9531 100 26.1422 100 0.000659062 0.000522844 -0.00335234 -0.00369289
0.0314 33.2215 100 26.4295 100 0.00066443 0.000528589 -0.00333893 -0.00367853
0.0315 33.488 100 26.7149 100 0.00066976 0.000534298 -0.0033256 -0.00366425
0.0316 33.7527 100 26.9986 100 0.000675054 0.000539971 -0.00331237 -0.00365007
0.0317 34.0155 100 27.2804 100 0.00068031 0.000545608 -0.00329923 -0.00363598
0.0318 34.2765 100 27.5605 100 0.00068553 0.000551209 -0.00328618 -0.00362198
0.0319 34.5356 100 27.8387 100 0.000690713 0.000556775 -0.00327322 -0.00360806
0.032 34.793 100 28.1152 100 0.00069586 0.000562305 -0.00326035 -0.00359424
0.0321 35.0485 100 28.39 100 0.000700971 0.0005678 -0.00324757 -0.0035805
0.0322 35.3023 100 28.663 100 0.000706046 0.00057326 -0.00323488 -0.00356685
0.0323 35.5543 100 28.9343 100 0.000711087 0.000578686 -0.00322228 -0.00355328
0.0324 35.8046 100 29.2039 100 0.000716091 0.000584077 -0.00320977 -0.00353981
0.0325 36.0531 100 29.4717 100 0.000721061 0.000589434 -0.00319735 -0.00352641
0.0326 36.2998 100 29.7379 100 0.000725997 0.000594757 -0.00318501 -0.00351311
0.0327 36.5449 100 30.0023 100 0.000730898 0.000600047 -0.00317276 -0.00349988
0.0328 36.7882 100 30.2651 100 0.000735765 0.000605302 -0.00316059 -0.00348674
0.0329 37.0299 100 30.5262 100 0.000740597 0.000610525 -0.00314851 -0.00347369
0.033 37.2698 100 30.7857 100 0.000745396 0.000615714 -0.00313651 -0.00346071
0.0331 37.5081 100 31.0435 100 0.000750162 0.000620871 -0.00312459 -0.00344782
0.0332 37.7447 100 31.2997 100 0.000754894 0.000625994 -0.00311276 -0.00343501
0.0333 37.9797 100 31.5543 100 0.000759594 0.000631085 -0.00310102 -0.00342229
0.0334 38.213 100 31.8072 100 0.00076426 0.000636144 -0.00308935 -0.00340964
0.0335 38.4447 100 32.0586 100 0.000768894 0.000641171 -0.00307776 -0.00339707
0.0336 38.6748 100 32.3083 100 0.000773496 0.000646166 -0.00306626 -0.00338459
0.0337 38.9033 100 32.5565 100 0.000778066 0.000651129 -0.00305484 -0.00337218
0.0338 39.1302 100 32.803 100 0.000782603 0.000656061 -0.00304349 -0.00335985
0.0339 39.3555 100 33.0481 100 0.000787109 0.000660961 -0.00303223 -0.0033476
0.034 39.5792 100 33.2915 100 0.000791584 0.000665831 -0.00302104 -0.00333542
0.0341 39.8014 100 33.5335 100 0.000796027 0.000670669 -0.00300993 -0.00332333
0.0342 40.022 100 33.7738 100 0.00080044 0.000675477 -0.0029989 -0.00331131
0.0343 40.2411 100 34.0127 100 0.000804821 0.000680254 -0.00298795 -0.00329936
0.0344 40.4586 100 34.2501 100 0.000809173 0.000685001 -0.00297707 -0.0032875
0.0345 40.6747 100 34.4859 100 0.000813493 0.000689718 -0.00296627 -0.00327571
0.0346 40.8892 100 34.7202 100 0.000817784 0.000694405 -0.00295554 -0.00326399
0.0347 41.1022 100 34.9531 100 0.000822044 0.000699062 -0.00294489 -0.00325234
0.0348 41.3138 100 35.1845 100 0.000826275 0.00070369 -0.00293431 -0.00324078
0.0349 41.5238 100 35.4144 100 0.000830477 0.000708288 -0.00292381 -0.00322928
0.035 41.7324 100 35.6429 100 0.000834649 0.000712857 -0.00291338 -0.00321786
0.0351 41.9396 100 35.8699 100 0.000838792 0.000717397 -0.00290302 -0.00320651
0.0352 42.1453 100 36.0954 100 0.000842906 0.000721909 -0.00289273 -0.00319523
0.0353 42.3496 100 36.3196 100 0.000846991 0.000726391 -0.00288252 -0.00318402
0.0354 42.5524 100 36.5423 100 0.000851048 0.000730846 -0.00287238 -0.00317289
0.0355 42.7539 100 36.7636 100 0.000855077 0.000735272 -0.00286231 -0.00316182
0.0356 42.9539 100 36.9835 100 0.000859078 0.00073967 -0.00285231 -0.00315083
0.0357 43.1525 100 37.202 100 0.00086305 0.00074404 -0.00284237 -0.0031399
0.0358 43.3498 100 37.4191 100 0.000866995 0.000748382 -0.00283251 -0.00312904
0.0359 43.5456 100 37.6348 100 0.000870912 0.000752697 -0.00282272 -0.00311826
0.036 43.7401 100 37.8492 100 0.000874802 0.000756984 -0.00281299 -0.00310754
0.0361 43.9333 100 38.0622 100 0.000878665 0.000761244 -0.00280334 -0.00309689
0.0362 44.1251 100 38.2739 100 0.000882501 0.000765478 -0.00279375 -0.00308631
0.0363 44.3155 100 38.4842 100 0.000886311 0.000769684 -0.00278422 -0.00307579
0.0364 44.5047 100 38.6932 100 0.000890093 0.000773864 -0.00277477 -0.00306534
0.0365 44.6925 100 38.9008 100 0.000893849 0.000778017 -0.00276538 -0.00305496
0.0366 44.879 100 39.1072 100 0.000897579 0.000782144 -0.00275605 -0.00304464
0.0367 45.0642 100 39.3122 100 0.000901283 0.000786244 -0.00274679 -0.00303439
0.0368 45.2481 100 39.5159 100 0.000904962 0.000790319 -0.0027376 -0.0030242
0.0369 45.4307 100 39.7184 100 0.000908614 0.000794368 -0.00272846 -0.00301408
0.037 45.6121 100 39.9195 100 0.000912241 0.000798391 -0.0027194 -0.00300402
0.0371 45.7921 100 40.1194 100 0.000915843 0.000802388 -0.00271039 -0.00299403
0.0372 45.971 100 40.318 100 0.00091942 0.000806361 -0.00270145 -0.0029841
0.0373 46.1486 100 40.5154 100 0.000922971 0.000810308 -0.00269257 -0.00297423
0.0374 46.3249 100 40.7115 100 0.000926498 0.000814229 -0.00268375 -0.00296443
0.0375 46.5 100 40.9063 100 0.00093 0.000818127 -0.002675 -0.00295468
0.0376 46.6739 100 41.0999 100 0.000933478 0.000821999 -0.0026663 -0.002945
0.0377 46.8466 100 41.2923 100 0.000936932 0.000825847 -0.00265767 -0.00293538
0.0378 47.0181 100 41.4835 100 0.000940361 0.00082967 -0.0026491 -0.00292582
0.0379 47.1884 100 41.6735 100 0.000943767 0.000833469 -0.00264058 -0.00291633
0.038 47.3574 100 41.8622 100 0.000947149 0.000837244 -0.00263213 -0.00290689
0.0381 47.5254 100 42.0498 100 0.000950507 0.000840995 -0.00262373 -0.00289751
0.0382 47.6921 100 42.2361 100 0.000953842 0.000844723 -0.0026154 -0.00288819
0.0383 47.8577 100 42.4213 100 0.000957154 0.000848426 -0.00260712 -0.00287893
0.0384 48.0221 100 42.6053 100 0.000960442 0.000852107 -0.0025989 -0.00286973
0.0385 48.1854 100 42.7882 100 0.000963707 0.000855763 -0.00259073 -0.00286059
0.0386 48.3475 100 42.9698 100 0.00096695 0.000859397 -0.00258262 -0.00285151
0.0387 48.5085 100 43.1504 100 0.00097017 0.000863008 -0.00257457 -0.00284248
0.0388 48.6684 100 43.3298 100 0.000973368 0.000866595 -0.00256658 -0.00283351
0.0389 48.8272 100 43.508 100 0.000976543 0.00087016 -0.00255864 -0.0028246
0.039 48.9848 100 43.6851 100 0.000979697 0.000873702 -0.00255076 -0.00281574
0.0391 49.1414 100 43.8611 100 0.000982828 0.000877222 -0.00254293 -0.00280694
0.0392 49.2969 100 44.036 100 0.000985937 0.00088072 -0.00253516 -0.0027982
0.0393 49.4512 100 44.2098 100 0.000989025 0.000884195 -0.00252744 -0.00278951
0.0394 49.6045 100 44.3824 100 0.000992091 0.000887648 -0.00251977 -0.00278088
0.0395 49.7568 100 44.554 100 0.000995136 0.00089108 -0.00251216 -0.0027723
0.0396 49.908 100 44.7245 100 0.000998159 0.000894489 -0.0025046 -0.00276378
0.0397 47.0016 100 44.8939 100 0.0470016 0.000897877 -0.00264992 -0.00275531
0.0398 43.3328 100 45.0622 100 0.0433328 0.000901244 -0.00283336 -0.00274689
0.0399 39.6666 100 45.2294 100 0.0396666 0.000904589 -0.00301667 -0.00273853
0.04 36.241 100 45.3956 100 0.036241 0.000907913 -0.00318795 -0.00273022
0.0401 33.1144 100 45.5608 100 0.0331144 0.000911215 -0.00334428 -0.00272196
0.0402 30.2856 100 45.7249 100 0.0302856 0.000914497 -0.00348572 -0.00271376
0.0403 27.7345 100 45.8879 100 0.0277345 0.000917758 -0.00361327 -0.0027056
0.0404 25.4369 100 46.0499 100 0.0254369 0.000920999 -0.00372815 -0.0026975
0.0405 23.3686 100 46.2109 100 0.0233686 0.000924219 -0.00383157 -0.00268945
0.0406 21.507 100 46.3709 100 0.021507 0.000927418 -0.00392465 -0.00268146
0.0407 19.8316 100 46.5298 100 0.0198316 0.000930597 -0.00400842 -0.00267351
0.0408 18.3238 100 46.6878 100 0.0183238 0.000933756 -0.00408381 -0.00266561
0.0409 16.9668 100 46.8447 100 0.0169668 0.000936895 -0.00415166 -0.00265776
0.041 15.7457 100 47.0007 100 0.0157457 0.000940014 -0.00421272 -0.00264997
0.0411 14.6467 100 47.1556 100 0.0146467 0.000943113 -0.00426767 -0.00264222
0.0412 13.6576 100 47.3096 100 0.0136576 0.000946192 -0.00431712 -0.00263452
0.0413 12.7676 100 47.4626 100 0.0127676 0.000949252 -0.00436162 -0.00262687
0.0414 11.9665 100 47.6146 100 0.0119665 0.000952293 -0.00440167 -0.00261927
0.0415 11.2457 100 47.7657 100 0.0112457 0.000955314 -0.00443772 -0.00261171
0.0416 10.5969 100 47.9158 100 0.0105969 0.000958316 -0.00447015 -0.00260421
0.0417 10.0131 100 48.065 100 0.0100131 0.000961299 -0.00449934 -0.00259675
0.0418 10.1047 100 48.2132 100 0.000202093 0.000964264 -0.00449477 -0.00258934
0.0419 10.4199 100 48.3604 100 0.000208398 0.000967209 -0.004479 -0.00258198
0.042 10.8079 100 48.5068 100 0.000216158 0.000970136 -0.00445961 -0.00257466
0.0421 11.2182 100 48.6522 100 0.000224364 0.000973044 -0.00443909 -0.00256739
0.0422 11.634 100 48.7967 100 0.00023268 0.000975933 -0.0044183 -0.00256017
0.0423 12.0497 100 48.9402 100 0.000240994 0.000978805 -0.00439752 -0.00255299
0.0424 12.4634 100 49.0829 100 0.000249269 0.000981658 -0.00437683 -0.00254586
0.0425 12.8746 100 49.2246 100 0.000257492 0.000984493 -0.00435627 -0.00253877
0.0426 13.283 100 49.3655 100 0.00026566 0.00098731 -0.00433585 -0.00253173
0.0427 13.6886 100 49.5054 100 0.000273772 0.000990109 -0.00431557 -0.00252473
0.0428 14.0914 100 49.6445 100 0.000281827 0.00099289 -0.00429543 -0.00251777
0.0429 14.4913 100 49.7827 100 0.000289826 0.000995654 -0.00427543 -0.00251086
0.043 14.8885 100 49.92 100 0.00029777 0.0009984 -0.00425558 -0.002504
0.0431 15.2829 100 47.2613 100 0.000305658 0.0472613 -0.00423585 -0.00263694
0.0432 15.6746 100 43.8854 100 0.000313491 0.0438854 -0.00421627 -0.00280573
0.0433 16.0635 100 40.4867 100 0.00032127 0.0404867 -0.00419683 -0.00297567
0.0434 16.4497 100 37.2842 100 0.000328994 0.0372842 -0.00417752 -0.00313579
0.0435 16.8332 100 34.3348 100 0.000336664 0.0343348 -0.00415834 -0.00328326
0.0436 17.214 100 31.6411 100 0.000344281 0.0316411 -0.0041393 -0.00341794
0.0437 17.5922 100 29.1888 100 0.000351844 0.0291888 -0.00412039 -0.00354056
0.0438 17.9678 100 26.9588 100 0.000359355 0.0269588 -0.00410161 -0.00365206
0.0439 18.3407 100 24.932 100 0.000366814 0.024932 -0.00408297 -0.0037534
0.044 18.711 100 23.09 100 0.00037422 0.02309 -0.00406445 -0.0038455
0.0441 19.0788 100 21.4162 100 0.000381575 0.0214162 -0.00404606 -0.00392919
0.0442 19.4439 100 19.8952 100 0.000388879 0.0198952 -0.0040278 -0.00400524
0.0443 19.8066 100 18.5132 100 0.000396131 0.0185132 -0.00400967 -0.00407434
0.0444 20.1667 100 17.2573 100 0.000403333 0.0172573 -0.00399167 -0.00413713
0.0445 20.5242 100 16.1162 100 0.000410485 0.0161162 -0.00397379 -0.00419419
0.0446 20.8793 100 15.0792 100 0.000417587 0.0150792 -0.00395603 -0.00424604
0.0447 21.2319 100 14.137 100 0.000424639 0.014137 -0.0039384 -0.00429315
0.0448 21.5821 100 13.2808 100 0.000431642 0.0132808 -0.00392089 -0.00433596
0.0449 21.9298 100 12.5028 100 0.000438596 0.0125028 -0.00390351 -0.00437486
0.045 22.2751 100 11.7958 100 0.000445502 0.0117958 -0.00388624 -0.00441021
0.0451 22.618 100 11.1534 100 0.00045236 0.0111534 -0.0038691 -0.00444233
0.0452 22.9585 100 10.5697 100 0.000459169 0.0105697 -0.00385208 -0.00447151
0.0453 23.2966 100 10.0393 100 0.000465932 0.0100393 -0.00383517 -0.00449803
0.0454 23.6323 100 10.1226 100 0.000472647 0.000202452 -0.00381838 -0.00449387
0.0455 23.9657 100 10.4092 100 0.000479315 0.000208185 -0.00380171 -0.00447954
0.0456 24.2968 100 10.7622 100 0.000485937 0.000215243 -0.00378516 -0.00446189
0.0457 24.6256 100 11.1356 100 0.000492512 0.000222712 -0.00376872 -0.00444322
0.0458 24.9521 100 11.5142 100 0.000499042 0.000230285 -0.0037524 -0.00442429
0.0459 25.2763 100 11.893 100 0.000505526 0.000237861 -0.00373619 -0.00440535
0.046 25.5982 100 12.2703 100 0.000511965 0.000245405 -0.00372009 -0.00438649
0.0461 25.9179 100 12.6454 100 0.000518359 0.000252908 -0.0037041 -0.00436773
0.0462 26.2354 100 13.0182 100 0.000524708 0.000260365 -0.00368823 -0.00434909
0.0463 26.5507 100 13.3888 100 0.000531013 0.000267775 -0.00367247 -0.00433056
0.0464 26.8637 100 13.7569 100 0.000537274 0.000275139 -0.00365681 -0.00431215
0.0465 27.1746 100 14.1228 100 0.000543492 0.000282455 -0.00364127 -0.00429386
0.0466 27.4833 100 14.4863 100 0.000549666 0.000289726 -0.00362584 -0.00427569
0.0467 27.7898 100 14.8475 100 0.000555797 0.00029695 -0.00361051 -0.00425762
0.0468 28.0942 100 15.2064 100 0.000561885 0.000304129 -0.00359529 -0.00423968
0.0469 28.3965 100 15.5631 100 0.00056793 0.000311261 -0.00358017 -0.00422185
0.047 28.6967 100 15.9175 100 0.000573934 0.000318349 -0.00356517 -0.00420413
0.0471 28.9948 100 16.2696 100 0.000579896 0.000325392 -0.00355026 -0.00418652
0.0472 29.2908 100 16.6195 100 0.000585816 0.00033239 -0.00353546 -0.00416903
0.0473 29.5847 100 16.9672 100 0.000591695 0.000339344 -0.00352076 -0.00415164
0.0474 29.8766 100 17.3127 100 0.000597532 0.000346253 -0.00350617 -0.00413437
0.0475 30.1665 100 17.6559 100 0.000603329 0.000353119 -0.00349168 -0.0041172
0.0476 30.4543 100 17.997 100 0.000609086 0.000359941 -0.00347729 -0.00410015
0.0477 30.7401 100 18.336 100 0.000614802 0.00036672 -0.00346299 -0.0040832
0.0478 31.024 100 18.6728 100 0.000620479 0.000373456 -0.0034488 -0.00406636
0.0479 31.3058 100 19.0074 100 0.000626116 0.000380149 -0.00343471 -0.00404963
0.048 31.5857 100 19.34 100 0.000631714 0.000386799 -0.00342072 -0.004033
0.0481 31.8636 100 19.6704 100 0.000637272 0.000393408 -0.00340682 -0.00401648
0.0482 32.1396 100 19.9987 100 0.000642792 0.000399975 -0.00339302 -0.00400006
0.0483 32.4137 100 20.325 100 0.000648273 0.000406499 -0.00337932 -0.00398375
0.0484 32.6858 100 20.6492 100 0.000653717 0.000412983 -0.00336571 -0.00396754
0.0485 32.9561 100 20.9713 100 0.000659122 0.000419425 -0.0033522 -0.00395144
0.0486 33.2245 100 21.2913 100 0.000664489 0.000425827 -0.00333878 -0.00393543
0.0487 33.491 100 21.6094 100 0.000669819 0.000432188 -0.00332545 -0.00391953
0.0488 33.7556 100 21.9254 100 0.000675112 0.000438508 -0.00331222 -0.00390373
0.0489 34.0184 100 22.2394 100 0.000680368 0.000444789 -0.00329908 -0.00388803
0.049 34.2794 100 22.5515 100 0.000685587 0.00045103 -0.00328603 -0.00387243
0.0491 34.5385 100 22.8615 100 0.00069077 0.000457231 -0.00327308 -0.00385692
0.0492 34.7958 100 23.1696 100 0.000695916 0.000463392 -0.00326021 -0.00384152
0.0493 35.0514 100 23.4757 100 0.000701027 0.000469515 -0.00324743 -0.00382621
0.0494 35.3051 100 23.7799 100 0.000706102 0.000475599 -0.00323474 -0.003811
0.0495 35.5571 100 24.0822 100 0.000711142 0.000481644 -0.00322214 -0.00379589
0.0496 35.8073 100 24.3825 100 0.000716147 0.000487651 -0.00320963 -0.00378087
0.0497 36.0558 100 24.681 100 0.000721116 0.00049362 -0.00319721 -0.00376595
0.0498 36.3026 100 24.9775 100 0.000726051 0.00049955 -0.00318487 -0.00375112
0.0499 36.5476 100 25.2722 100 0.000730952 0.000505444 -0.00317262 -0.00373639
0.05 36.7909 100 25.565 100 0.000735818 0.0005113 -0.00316045 -0.00372175
0.0501 37.0325 100 25.8559 100 0.000740651 0.000517118 -0.00314837 -0.0037072
0.0502 37.2725 100 26.145 100 0.000745449 0.0005229 -0.00313638 -0.00369275
0.0503 37.5107 100 26.4323 100 0.000750215 0.000528645 -0.00312446 -0.00367839
0.0504 37.7473 100 26.7177 100 0.000754947 0.000534354 -0.00311263 -0.00366412
0.0505 37.9823 100 27.0013 100 0.000759645 0.000540026 -0.00310089 -0.00364993
0.0506 38.2156 100 27.2831 100 0.000764312 0.000545663 -0.00308922 -0.00363584
0.0507 38.4473 100 27.5632 100 0.000768945 0.000551264 -0.00307764 -0.00362184
0.0508 38.6773 100 27.8414 100 0.000773547 0.000556829 -0.00306613 -0.00360793
0.0509 38.9058 100 28.1179 100 0.000778116 0.000562359 -0.00305471 -0.0035941
0.051 39.1327 100 28.3927 100 0.000782653 0.000567854 -0.00304337 -0.00358037
0.0511 39.358 100 28.6657 100 0.000787159 0.000573314 -0.0030321 -0.00356672
0.0512 39.5817 100 28.9369 100 0.000791633 0.000578739 -0.00302092 -0.00355315
0.0513 39.8038 100 29.2065 100 0.000796076 0.00058413 -0.00300981 -0.00353968
0.0514 40.0244 100 29.4743 100 0.000800488 0.000589487 -0.00299878 -0.00352628
0.0515 40.2435 100 29.7405 100 0.00080487 0.000594809 -0.00298783 -0.00351298
0.0516 40.461 100 30.0049 100 0.00080922 0.000600098 -0.00297695 -0.00349975
0.0517 40.677 100 30.2677 100 0.000813541 0.000605354 -0.00296615 -0.00348662
0.0518 40.8916 100 30.5288 100 0.000817831 0.000610576 -0.00295542 -0.00347356
0.0519 41.1046 100 30.7882 100 0.000822091 0.000615765 -0.00294477 -0.00346059
0.052 41.3161 100 31.046 100 0.000826322 0.000620921 -0.00293419 -0.0034477
0.0521 41.5262 100 31.3022 100 0.000830523 0.000626044 -0.00292369 -0.00343489
0.0522 41.7347 100 31.5568 100 0.000834695 0.000631135 -0.00291326 -0.00342216
0.0523 41.9419 100 31.8097 100 0.000838838 0.000636194 -0.00290291 -0.00340952
0.0524 42.1476 100 32.061 100 0.000842951 0.00064122 -0.00289262 -0.00339695
0.0525 42.3518 100 32.3107 100 0.000847037 0.000646215 -0.00288241 -0.00338446
0.0526 42.5547 100 32.5589 100 0.000851093 0.000651178 -0.00287227 -0.00337206
0.0527 42.7561 100 32.8055 100 0.000855121 0.000656109 -0.0028622 -0.00335973
0.0528 42.9561 100 33.0505 100 0.000859122 0.000661009 -0.0028522 -0.00334748
0.0529 43.1547 100 33.2939 100 0.000863094 0.000665878 -0.00284227 -0.0033353
0.053 43.3519 100 33.5358 100 0.000867038 0.000670716 -0.0028324 -0.00332321
0.0531 43.5478 100 33.7762 100 0.000870956 0.000675524 -0.00282261 -0.00331119
0.0532 43.7423 100 34.015 100 0.000874845 0.000680301 -0.00281289 -0.00329925
0.0533 43.9354 100 34.2524 100 0.000878708 0.000685047 -0.00280323 -0.00328738
0.0534 44.1272 100 34.4882 100 0.000882544 0.000689764 -0.00279364 -0.00327559
0.0535 44.3176 100 34.7225 100 0.000886352 0.000694451 -0.00278412 -0.00326387
0.0536 44.5067 100 34.9554 100 0.000890135 0.000699108 -0.00277466 -0.00325223
0.0537 44.6945 100 35.1867 100 0.000893891 0.000703735 -0.00276527 -0.00324066
0.0538 44.881 100 35.4166 100 0.000897621 0.000708333 -0.00275595 -0.00322917
0.0539 45.0662 100 35.6451 100 0.000901324 0.000712902 -0.00274669 -0.00321775
0.054 45.2501 100 35.8721 100 0.000905002 0.000717442 -0.00273749 -0.0032064
0.0541 45.4327 100 36.0976 100 0.000908654 0.000721953 -0.00272836 -0.00319512
0.0542 45.6141 100 36.3218 100 0.000912281 0.000726435 -0.0027193 -0.00318391
0.0543 45.7941 100 36.5445 100 0.000915883 0.000730889 -0.00271029 -0.00317278
0.0544 45.973 100 36.7657 100 0.000919459 0.000735315 -0.00270135 -0.00316171
0.0545 46.1505 100 36.9856 100 0.00092301 0.000739713 -0.00269247 -0.00315072
0.0546 46.3269 100 37.2041 100 0.000926537 0.000744082 -0.00268366 -0.00313979
0.0547 46.502 100 37.4212 100 0.000930039 0.000748424 -0.0026749 -0.00312894
0.0548 46.6758 100 37.6369 100 0.000933517 0.000752739 -0.00266621 -0.00311815
0.0549 46.8485 100 37.8513 100 0.00093697 0.000757026 -0.00265757 -0.00310743
0.055 47.02 100 38.0643 100 0.000940399 0.000761286 -0.002649 -0.00309678
0.0551 47.1902 100 38.276 100 0.000943805 0.000765519 -0.00264049 -0.0030862
0.0552 47.3593 100 38.4863 100 0.000947186 0.000769725 -0.00263203 -0.00307569
0.0553 47.5272 100 38.6952 100 0.000950544 0.000773905 -0.00262364 -0.00306524
0.0554 47.6939 100 38.9029 100 0.000953879 0.000778057 -0.0026153 -0.00305486
0.0555 47.8595 100 39.1092 100 0.00095719 0.000782184 -0.00260702 -0.00304454
0.0556 48.0239 100 39.3142 100 0.000960478 0.000786284 -0.0025988 -0.00303429
0.0557 48.1872 100 39.5179 100 0.000963743 0.000790359 -0.00259064 -0.0030241
0.0558 48.3493 100 39.7204 100 0.000966986 0.000794407 -0.00258254 -0.00301398
0.0559 48.5103 100 39.9215 100 0.000970206 0.00079843 -0.00257449 -0.00300392
0.056 48.6702 100 40.1214 100 0.000973403 0.000802427 -0.00256649 -0.00299393
0.0561 48.8289 100 40.32 100 0.000976578 0.000806399 -0.00255855 -0.002984
0.0562 48.9866 100 40.5173 100 0.000979731 0.000810346 -0.00255067 -0.00297413
0.0563 49.1431 100 40.7134 100 0.000982862 0.000814268 -0.00254284 -0.00296433
0.0564 49.2986 100 40.9082 100 0.000985971 0.000818165 -0.00253507 -0.00295459
0.0565 49.4529 100 41.1018 100 0.000989059 0.000822037 -0.00252735 -0.00294491
0.0566 49.6062 100 41.2942 100 0.000992125 0.000825884 -0.00251969 -0.00293529
0.0567 49.7585 100 41.4854 100 0.000995169 0.000829707 -0.00251208 -0.00292573
0.0568 49.9096 100 41.6753 100 0.000998192 0.000833506 -0.00250452 -0.00291623
0.0569 47.0031 100 41.8641 100 0.0470031 0.000837281 -0.00264984 -0.0029068
0.057 43.3342 100 42.0516 100 0.0433342 0.000841032 -0.00283329 -0.00289742
0.0571 39.6678 100 42.238 100 0.0396678 0.000844759 -0.00301661 -0.0028881
0.0572 36.2421 100 42.4231 100 0.0362421 0.000848463 -0.00318789 -0.00287884
0.0573 33.1154 100 42.6071 100 0.0331154 0.000852142 -0.00334423 -0.00286964
0.0574 30.2865 100 42.79 100 0.0302865 0.000855799 -0.00348567 -0.0028605
0.0575 27.7354 100 42.9716 100 0.0277354 0.000859432 -0.00361323 -0.00285142
0.0576 25.4377 100 43.1521 100 0.0254377 0.000863043 -0.00372812 -0.00284239
0.0577 23.3693 100 43.3315 100 0.0233693 0.00086663 -0.00383154 -0.00283342
0.0578 21.5076 100 43.5097 100 0.0215076 0.000870195 -0.00392462 -0.00282451
0.0579 19.8321 100 43.6868 100 0.0198321 0.000873737 -0.00400839 -0.00281566
0.058 18.3243 100 43.8628 100 0.0183243 0.000877257 -0.00408379 -0.00280686
0.0581 16.9673 100 44.0377 100 0.0169673 0.000880754 -0.00415164 -0.00279812
0.0582 15.7461 100 44.2114 100 0.0157461 0.000884229 -0.0042127 -0.00278943
0.0583 14.647 100 44.3841 100 0.014647 0.000887682 -0.00426765 -0.0027808
0.0584 13.658 100 44.5557 100 0.013658 0.000891113 -0.0043171 -0.00277222
0.0585 12.7679 100 44.7261 100 0.0127679 0.000894523 -0.00436161 -0.00276369
0.0586 11.9668 100 44.8955 100 0.0119668 0.00089791 -0.00440166 -0.00275522
0.0587 11.2459 100 45.0638 100 0.0112459 0.000901277 -0.0044377 -0.00274681
0.0588 10.5972 100 45.2311 100 0.0105972 0.000904621 -0.00447014 -0.00273845
0.0589 10.0133 100 45.3973 100 0.0100133 0.000907945 -0.00449934 -0.00273014
0.059 10.1049 100 45.5624 100 0.000202097 0.000911248 -0.00449476 -0.00272188
0.0591 10.4201 100 45.7265 100 0.000208402 0.000914529 -0.004479 -0.00271368
0.0592 10.8081 100 45.8895 100 0.000216161 0.00091779 -0.0044596 -0.00270552
0.0593 11.2184 100 46.0515 100 0.000224367 0.00092103 -0.00443908 -0.00269742
0.0594 11.6342 100 46.2125 100 0.000232683 0.00092425 -0.00441829 -0.00268938
0.0595 12.0499 100 46.3725 100 0.000240997 0.000927449 -0.00439751 -0.00268138
0.0596 12.4636 100 46.5314 100 0.000249272 0.000930628 -0.00437682 -0.00267343
0.0597 12.8748 100 46.6893 100 0.000257495 0.000933787 -0.00435626 -0.00266553
0.0598 13.2832 100 46.8463 100 0.000265663 0.000936925 -0.00433584 -0.00265769
0.0599 13.6888 100 47.0022 100 0.000273775 0.000940044 -0.00431556 -0.00264989
0.06 14.0915 100 47.1572 100 0.000281831 0.000943143 -0.00429542 -0.00264214
0.0601 14.4915 100 47.3111 100 0.00028983 0.000946222 -0.00427543 -0.00263444
0.0602 14.8887 100 47.4641 100 0.000297773 0.000949282 -0.00425557 -0.00262679
0.0603 15.2831 100 47.6161 100 0.000305661 0.000952323 -0.00423585 -0.00261919
0.0604 15.6747 100 47.7672 100 0.000313494 0.000955344 -0.00421626 -0.00261164
0.0605 16.0636 100 47.9173 100 0.000321273 0.000958346 -0.00419682 -0.00260414
0.0606 16.4498 100 48.0664 100 0.000328997 0.000961329 -0.00417751 -0.00259668
0.0607 16.8334 100 48.2146 100 0.000336667 0.000964292 -0.00415833 -0.00258927
0.0608 17.2142 100 48.3619 100 0.000344284 0.000967238 -0.00413929 -0.00258191
0.0609 17.5924 100 48.5082 100 0.000351848 0.000970164 -0.00412038 -0.00257459
0.061 17.9679 100 48.6536 100 0.000359358 0.000973072 -0.0041016 -0.00256732
0.0611 18.3408 100 48.7981 100 0.000366817 0.000975962 -0.00408296 -0.0025601
0.0612 18.7112 100 48.9416 100 0.000374223 0.000978833 -0.00406444 -0.00255292
0.0613 19.0789 100 49.0843 100 0.000381578 0.000981686 -0.00404605 -0.00254579
0.0614 19.4441 100 49.226 100 0.000388882 0.00098452 -0.0040278 -0.0025387
0.0615 19.8067 100 49.3669 100 0.000396134 0.000987337 -0.00400966 -0.00253166
0.0616 20.1668 100 49.5068 100 0.000403336 0.000990136 -0.00399166 -0.00252466
0.0617 20.5244 100 49.6459 100 0.000410488 0.000992917 -0.00397378 -0.00251771
0.0618 20.8795 100 49.7841 100 0.00041759 0.000995681 -0.00395603 -0.0025108
0.0619 21.2321 100 49.9214 100 0.000424642 0.000998427 -0.0039384 -0.00250393
0.062 21.5823 100 47.2625 100 0.000431645 0.0472625 -0.00392089 -0.00263687
0.0621 21.93 100 43.8865 100 0.000438599 0.0438865 -0.0039035 -0.00280567
0.0622 22.2752 100 40.4877 100 0.000445505 0.0404877 -0.00388624 -0.00297561
0.0623 22.6181 100 37.2851 100 0.000452363 0.0372851 -0.00386909 -0.00313574
0.0624 22.9586 100 34.3356 100 0.000459172 0.0343356 -0.00385207 -0.00328322
0.0625 23.2967 100 31.6419 100 0.000465934 0.0316419 -0.00383516 -0.0034179
0.0626 23.6325 100 29.1895 100 0.000472649 0.0291895 -0.00381838 -0.00354052
0.0627 23.9659 100 26.9595 100 0.000479318 0.0269595 -0.00380171 -0.00365203
0.0628 24.297 100 24.9326 100 0.000485939 0.0249326 -0.00378515 -0.00375337
0.0629 24.6257 100 23.0905 100 0.000492515 0.0230905 -0.00376871 -0.00384547
0.063 24.9522 100 21.4167 100 0.000499044 0.0214167 -0.00375239 -0.00392917
0.0631 25.2764 100 19.8957 100 0.000505529 0.0198957 -0.00373618 -0.00400522
0.0632 25.5984 100 18.5136 100 0.000511967 0.0185136 -0.00372008 -0.00407432
0.0633 25.9181 100 17.2577 100 0.000518361 0.0172577 -0.0037041 -0.00413712
0.0634 26.2355 100 16.1165 100 0.000524711 0.0161165 -0.00368822 -0.00419418
0.0635 26.5508 100 15.0795 100 0.000531016 0.0150795 -0.00367246 -0.00424602
0.0636 26.8638 100 14.1372 100 0.000537277 0.0141372 -0.00365681 -0.00429314
0.0637 27.1747 100 13.281 100 0.000543494 0.013281 -0.00364126 -0.00433595
0.0638 27.4834 100 12.503 100 0.000549668 0.012503 -0.00362583 -0.00437485
0.0639 27.79 100 11.796 100 0.000555799 0.011796 -0.0036105 -0.0044102
0.064 28.0944 100 11.1536 100 0.000561887 0.0111536 -0.00359528 -0.00444232
0.0641 28.3966 100 10.5699 100 0.000567933 0.0105699 -0.00358017 -0.0044715
0.0642 28.6968 100 10.0395 100 0.000573936 0.0100395 -0.00356516 -0.00449803
0.0643 28.9949 100 10.1228 100 0.000579898 0.000202455 -0.00355025 -0.00449386
0.0644 29.2909 100 10.4094 100 0.000585818 0.000208188 -0.00353545 -0.00447953
0.0645 29.5848 100 10.7623 100 0.000591697 0.000215246 -0.00352076 -0.00446188
0.0646 29.8767 100 11.1357 100 0.000597535 0.000222715 -0.00350616 -0.00444321
0.0647 30.1666 100 11.5144 100 0.000603332 0.000230288 -0.00349167 -0.00442428
0.0648 30.4544 100 11.8932 100 0.000609088 0.000237864 -0.00347728 -0.00440534
0.0649 30.7402 100 12.2704 100 0.000614805 0.000245408 -0.00346299 -0.00438648
0.065 31.0241 100 12.6455 100 0.000620481 0.000252911 -0.0034488 -0.00436772
0.0651 31.3059 100 13.0184 100 0.000626118 0.000260368 -0.0034347 -0.00434908
0.0652 31.5858 100 13.3889 100 0.000631716 0.000267778 -0.00342071 -0.00433056
0.0653 31.8637 100 13.7571 100 0.000637275 0.000275141 -0.00340681 -0.00431215
0.0654 32.1397 100 14.1229 100 0.000642794 0.000282458 -0.00339301 -0.00429385
0.0655 32.4138 100 14.4864 100 0.000648276 0.000289729 -0.00337931 -0.00427568
0.0656 32.6859 100 14.8476 100 0.000653719 0.000296953 -0.0033657 -0.00425762
0.0657 32.9562 100 15.2066 100 0.000659124 0.000304131 -0.00335219 -0.00423967
0.0658 33.2246 100 15.5632 100 0.000664491 0.000311264 -0.00333877 -0.00422184
0.0659 33.4911 100 15.9176 100 0.000669821 0.000318352 -0.00332545 -0.00420412
0.066 33.7557 100 16.2697 100 0.000675114 0.000325394 -0.00331221 -0.00418651
0.0661 34.0185 100 16.6196 100 0.00068037 0.000332393 -0.00329907 -0.00416902
0.0662 34.2795 100 16.9673 100 0.000685589 0.000339346 -0.00328603 -0.00415163
0.0663 34.5386 100 17.3128 100 0.000690772 0.000346256 -0.00327307 -0.00413436
0.0664 34.7959 100 17.6561 100 0.000695919 0.000353121 -0.0032602 -0.0041172
0.0665 35.0515 100 17.9972 100 0.000701029 0.000359943 -0.00324743 -0.00410014
0.0666 35.3052 100 18.3361 100 0.000706104 0.000366722 -0.00323474 -0.00408319
0.0667 35.5572 100 18.6729 100 0.000711144 0.000373458 -0.00322214 -0.00406635
0.0668 35.8074 100 19.0076 100 0.000716149 0.000380151 -0.00320963 -0.00404962
0.0669 36.0559 100 19.3401 100 0.000721118 0.000386802 -0.0031972 -0.004033
0.067 36.3027 100 19.6705 100 0.000726053 0.00039341 -0.00318487 -0.00401647
0.0671 36.5477 100 19.9989 100 0.000730954 0.000399977 -0.00317262 -0.00400006
0.0672 36.791 100 20.3251 100 0.00073582 0.000406502 -0.00316045 -0.00398375
0.0673 37.0326 100 20.6493 100 0.000740653 0.000412985 -0.00314837 -0.00396754
0.0674 37.2726 100 20.9714 100 0.000745451 0.000419428 -0.00313637 -0.00395143
0.0675 37.5108 100 21.2915 100 0.000750217 0.000425829 -0.00312446 -0.00393543
0.0676 37.7474 100 21.6095 100 0.000754948 0.00043219 -0.00311263 -0.00391952
0.0677 37.9824 100 21.9255 100 0.000759647 0.000438511 -0.00310088 -0.00390372
0.0678 38.2157 100 22.2396 100 0.000764314 0.000444791 -0.00308922 -0.00388802
0.0679 38.4474 100 22.5516 100 0.000768947 0.000451032 -0.00307763 -0.00387242
0.068 38.6774 100 22.8616 100 0.000773549 0.000457233 -0.00306613 -0.00385692
0.0681 38.9059 100 23.1697 100 0.000778118 0.000463395 -0.00305471 -0.00384151
0.0682 39.1328 100 23.4759 100 0.000782655 0.000469517 -0.00304336 -0.00382621
0.0683 39.358 100 23.7801 100 0.000787161 0.000475601 -0.0030321 -0.003811
0.0684 39.5818 100 24.0823 100 0.000791635 0.000481646 -0.00302091 -0.00379588
0.0685 39.8039 100 24.3827 100 0.000796078 0.000487653 -0.0030098 -0.00378087
0.0686 40.0245 100 24.6811 100 0.00080049 0.000493622 -0.00299877 -0.00376595
0.0687 40.2436 100 24.9776 100 0.000804872 0.000499553 -0.00298782 -0.00375112
0.0688 40.4611 100 25.2723 100 0.000809222 0.000505446 -0.00297694 -0.00373639
0.0689 40.6771 100 25.5651 100 0.000813543 0.000511302 -0.00296614 -0.00372175
0.069 40.8916 100 25.856 100 0.000817833 0.000517121 -0.00295542 -0.0037072
0.0691 41.1047 100 26.1451 100 0.000822093 0.000522902 -0.00294477 -0.00369274
0.0692 41.3162 100 26.4324 100 0.000826324 0.000528647 -0.00293419 -0.00367838
0.0693 41.5262 100 26.7178 100 0.000830525 0.000534356 -0.00292369 -0.00366411
0.0694 41.7348 100 27.0014 100 0.000834697 0.000540029 -0.00291326 -0.00364993
0.0695 41.942 100 27.2833 100 0.000838839 0.000545665 -0.0029029 -0.00363584
0.0696 42.1477 100 27.5633 100 0.000842953 0.000551266 -0.00289262 -0.00362184
0.0697 42.3519 100 27.8416 100 0.000847038 0.000556831 -0.0028824 -0.00360792
0.0698 42.5547 100 28.118 100 0.000851095 0.000562361 -0.00287226 -0.0035941
0.0699 42.7562 100 28.3928 100 0.000855123 0.000567856 -0.00286219 -0.00358036
0.07 42.9562 100 28.6658 100 0.000859123 0.000573316 -0.00285219 -0.00356671
0.0701 43.1548 100 28.9371 100 0.000863096 0.000578741 -0.00284226 -0.00355315
0.0702 43.352 100 29.2066 100 0.00086704 0.000584132 -0.0028324 -0.00353967
0.0703 43.5479 100 29.4744 100 0.000870957 0.000589489 -0.00282261 -0.00352628
0.0704 43.7423 100 29.7406 100 0.000874847 0.000594811 -0.00281288 -0.00351297
0.0705 43.9355 100 30.005 100 0.00087871 0.0006001 -0.00280323 -0.00349975
0.0706 44.1273 100 30.2678 100 0.000882545 0.000605356 -0.00279364 -0.00348661
0.0707 44.3177 100 30.5289 100 0.000886354 0.000610578 -0.00278411 -0.00347356
0.0708 44.5068 100 30.7883 100 0.000890136 0.000615767 -0.00277466 -0.00346058
0.0709 44.6946 100 31.0461 100 0.000893892 0.000620923 -0.00276527 -0.00344769
0.071 44.8811 100 31.3023 100 0.000897622 0.000626046 -0.00275594 -0.00343488
0.0711 45.0663 100 31.5569 100 0.000901326 0.000631137 -0.00274669 -0.00342216
0.0712 45.2502 100 31.8098 100 0.000905004 0.000636196 -0.00273749 -0.00340951
0.0713 45.4328 100 32.0611 100 0.000908656 0.000641222 -0.00272836 -0.00339694
0.0714 45.6141 100 32.3108 100 0.000912283 0.000646217 -0.00271929 -0.00338446
0.0715 45.7942 100 32.559 100 0.000915884 0.000651179 -0.00271029 -0.00337205
0.0716 45.973 100 32.8055 100 0.000919461 0.000656111 -0.00270135 -0.00335972
0.0717 46.1506 100 33.0505 100 0.000923012 0.000661011 -0.00269247 -0.00334747
0.0718 46.3269 100 33.294 100 0.000926539 0.00066588 -0.00268365 -0.0033353
0.0719 46.502 100 33.5359 100 0.000930041 0.000670718 -0.0026749 -0.0033232
0.072 46.6759 100 33.7763 100 0.000933518 0.000675526 -0.0026662 -0.00331119
0.0721 46.8486 100 34.0151 100 0.000936971 0.000680303 -0.00265757 -0.00329924
0.0722 47.02 100 34.2525 100 0.000940401 0.000685049 -0.002649 -0.00328738
0.0723 47.1903 100 34.4883 100 0.000943806 0.000689766 -0.00264048 -0.00327559
0.0724 47.3594 100 34.7226 100 0.000947188 0.000694452 -0.00263203 -0.00326387
0.0725 47.5273 100 34.9555 100 0.000950546 0.000699109 -0.00262364 -0.00325223
0.0726 47.694 100 35.1868 100 0.00095388 0.000703737 -0.0026153 -0.00324066
0.0727 47.8596 100 35.4167 100 0.000957191 0.000708335 -0.00260702 -0.00322916
0.0728 48.024 100 35.6452 100 0.00096048 0.000712903 -0.0025988 -0.00321774
0.0729 48.1872 100 35.8722 100 0.000963745 0.000717443 -0.00259064 -0.00320639
0.073 48.3494 100 36.0977 100 0.000966987 0.000721954 -0.00258253 -0.00319511
0.0731 48.5104 100 36.3218 100 0.000970207 0.000726437 -0.00257448 -0.00318391
0.0732 48.6702 100 36.5445 100 0.000973405 0.000730891 -0.00256649 -0.00317277
0.0733 48.829 100 36.7658 100 0.00097658 0.000735317 -0.00255855 -0.00316171
0.0734 48.9866 100 36.9857 100 0.000979733 0.000739714 -0.00255067 -0.00315071
0.0735 49.1432 100 37.2042 100 0.000982864 0.000744084 -0.00254284 -0.00313979
0.0736 49.2986 100 37.4213 100 0.000985973 0.000748426 -0.00253507 -0.00312893
0.0737 49.453 100 37.637 100 0.00098906 0.000752741 -0.00252735 -0.00311815
0.0738 49.6063 100 37.8514 100 0.000992126 0.000757028 -0.00251969 -0.00310743
0.0739 49.7585 100 38.0644 100 0.00099517 0.000761288 -0.00251207 -0.00309678
0.074 49.9097 100 38.276 100 0.000998194 0.000765521 -0.00250452 -0.0030862
0.0741 47.0032 100 38.4863 100 0.0470032 0.000769727 -0.00264984 -0.00307568
0.0742 43.3343 100 38.6953 100 0.0433343 0.000773906 -0.00283329 -0.00306523
0.0743 39.6679 100 38.9029 100 0.0396679 0.000778059 -0.00301661 -0.00305485
0.0744 36.2422 100 39.1093 100 0.0362422 0.000782186 -0.00318789 -0.00304454
0.0745 33.1155 100 39.3143 100 0.0331155 0.000786286 -0.00334423 -0.00303429
0.0746 30.2865 100 39.518 100 0.0302865 0.00079036 -0.00348567 -0.0030241
0.0747 27.7354 100 39.7204 100 0.0277354 0.000794409 -0.00361323 -0.00301398
0.0748 25.4377 100 39.9216 100 0.0254377 0.000798432 -0.00372811 -0.00300392
0.0749 23.3693 100 40.1214 100 0.0233693 0.000802429 -0.00383153 -0.00299393
0.075 21.5076 100 40.32 100 0.0215076 0.000806401 -0.00392462 -0.002984
0.0751 19.8322 100 40.5174 100 0.0198322 0.000810348 -0.00400839 -0.00297413
0.0752 18.3243 100 40.7135 100 0.0183243 0.000814269 -0.00408378 -0.00296433
0.0753 16.9673 100 40.9083 100 0.0169673 0.000818166 -0.00415163 -0.00295458
0.0754 15.7461 100 41.1019 100 0.0157461 0.000822038 -0.0042127 -0.0029449
0.0755 14.647 100 41.2943 100 0.014647 0.000825886 -0.00426765 -0.00293529
0.0756 13.658 100 41.4854 100 0.013658 0.000829709 -0.0043171 -0.00292573
0.0757 12.7679 100 41.6754 100 0.0127679 0.000833508 -0.00436161 -0.00291623
0.0758 11.9668 100 41.8641 100 0.0119668 0.000837283 -0.00440166 -0.00290679
0.0759 11.2459 100 42.0517 100 0.0112459 0.000841033 -0.0044377 -0.00289742
0.076 10.5972 100 42.238 100 0.0105972 0.000844761 -0.00447014 -0.0028881
0.0761 10.0133 100 42.4232 100 0.0100133 0.000848464 -0.00449933 -0.00287884
0.0762 10.1049 100 42.6072 100 0.000202097 0.000852144 -0.00449476 -0.00286964
0.0763 10.4201 100 42.79 100 0.000208402 0.0008558 -0.004479 -0.0028605
0.0764 10.8081 100 42.9717 100 0.000216161 0.000859434 -0.0044596 -0.00285142
0.0765 11.2184 100 43.1522 100 0.000224367 0.000863044 -0.00443908 -0.00284239
0.0766 11.6342 100 43.3316 100 0.000232684 0.000866632 -0.00441829 -0.00283342
0.0767 12.0499 100 43.5098 100 0.000240998 0.000870196 -0.00439751 -0.00282451
0.0768 12.4636 100 43.6869 100 0.000249272 0.000873738 -0.00437682 -0.00281565
0.0769 12.8748 100 43.8629 100 0.000257496 0.000877258 -0.00435626 -0.00280686
0.077 13.2832 100 44.0378 100 0.000265664 0.000880755 -0.00433584 -0.00279811
0.0771 13.6888 100 44.2115 100 0.000273775 0.00088423 -0.00431556 -0.00278942
0.0772 14.0915 100 44.3842 100 0.000281831 0.000887683 -0.00429542 -0.00278079
0.0773 14.4915 100 44.5557 100 0.00028983 0.000891114 -0.00427543 -0.00277221
0.0774 14.8887 100 44.7262 100 0.000297773 0.000894524 -0.00425557 -0.00276369
0.0775 15.2831 100 44.8956 100 0.000305661 0.000897912 -0.00423585 -0.00275522
0.0776 15.6747 100 45.0639 100 0.000313495 0.000901278 -0.00421626 -0.00274681
0.0777 16.0636 100 45.2311 100 0.000321273 0.000904623 -0.00419682 -0.00273844
0.0778 16.4499 100 45.3973 100 0.000328997 0.000907946 -0.00417751 -0.00273013
0.0779 16.8334 100 45.5624 100 0.000336667 0.000911249 -0.00415833 -0.00272188
0.078 17.2142 100 45.7265 100 0.000344284 0.000914531 -0.00413929 -0.00271367
0.0781 17.5924 100 45.8896 100 0.000351848 0.000917791 -0.00412038 -0.00270552
0.0782 17.9679 100 46.0516 100 0.000359359 0.000921032 -0.0041016 -0.00269742
0.0783 18.3409 100 46.2126 100 0.000366817 0.000924251 -0.00408296 -0.00268937
0.0784 18.7112 100 46.3725 100 0.000374224 0.00092745 -0.00406444 -0.00268137
0.0785 19.0789 100 46.5315 100 0.000381578 0.000930629 -0.00404605 -0.00267343
0.0786 19.4441 100 46.6894 100 0.000388882 0.000933788 -0.0040278 -0.00266553
0.0787 19.8067 100 46.8463 100 0.000396134 0.000936927 -0.00400966 -0.00265768
0.0788 20.1668 100 47.0023 100 0.000403336 0.000940045 -0.00399166 -0.00264989
0.0789 20.5244 100 47.1572 100 0.000410488 0.000943144 -0.00397378 -0.00264214
0.079 20.8795 100 47.3112 100 0.00041759 0.000946224 -0.00395603 -0.00263444
0.0791 21.2321 100 47.4642 100 0.000424642 0.000949283 -0.00393839 -0.00262679
0.0792 21.5823 100 47.6162 100 0.000431645 0.000952324 -0.00392089 -0.00261919
0.0793 21.93 100 47.7672 100 0.000438599 0.000955345 -0.0039035 -0.00261164
0.0794 22.2753 100 47.9173 100 0.000445505 0.000958347 -0.00388624 -0.00260413
0.0795 22.6181 100 48.0665 100 0.000452363 0.00096133 -0.00386909 -0.00259668
0.0796 22.9586 100 48.2147 100 0.000459172 0.000964294 -0.00385207 -0.00258927
0.0797 23.2967 100 48.3619 100 0.000465935 0.000967239 -0.00383516 -0.0025819
0.0798 23.6325 100 48.5083 100 0.00047265 0.000970165 -0.00381838 -0.00257459
0.0799 23.9659 100 48.6537 100 0.000479318 0.000973073 -0.00380171 -0.00256732
0.08 24.297 100 48.7981 100 0.000485939 0.000975963 -0.00378515 -0.00256009
0.0801 24.6257 100 48.9417 100 0.000492515 0.000978834 -0.00376871 -0.00255292
0.0802 24.9522 100 49.0843 100 0.000499045 0.000981687 -0.00375239 -0.00254578
0.0803 25.2764 100 49.2261 100 0.000505529 0.000984521 -0.00373618 -0.0025387
0.0804 25.5984 100 49.3669 100 0.000511968 0.000987338 -0.00372008 -0.00253165
0.0805 25.9181 100 49.5069 100 0.000518361 0.000990137 -0.0037041 -0.00252466
0.0806 26.2355 100 49.6459 100 0.000524711 0.000992918 -0.00368822 -0.0025177
0.0807 26.5508 100 49.7841 100 0.000531016 0.000995682 -0.00367246 -0.00251079
0.0808 26.8638 100 49.9214 100 0.000537277 0.000998428 -0.00365681 -0.00250393
0.0809 27.1747 100 47.2626 100 0.000543494 0.0472626 -0.00364126 -0.00263687
0.081 27.4834 100 43.8866 100 0.000549668 0.0438866 -0.00362583 -0.00280567
0.0811 27.79 100 40.4878 100 0.000555799 0.0404878 -0.0036105 -0.00297561
0.0812 28.0944 100 37.2852 100 0.000561887 0.0372852 -0.00359528 -0.00313574
0.0813 28.3967 100 34.3357 100 0.000567933 0.0343357 -0.00358017 -0.00328322
0.0814 28.6968 100 31.6419 100 0.000573937 0.0316419 -0.00356516 -0.0034179
0.0815 28.9949 100 29.1896 100 0.000579898 0.0291896 -0.00355025 -0.00354052
0.0816 29.2909 100 26.9595 100 0.000585818 0.0269595 -0.00353545 -0.00365202
0.0817 29.5849 100 24.9326 100 0.000591697 0.0249326 -0.00352076 -0.00375337
0.0818 29.8767 100 23.0906 100 0.000597535 0.0230906 -0.00350616 -0.00384547
0.0819 30.1666 100 21.4167 100 0.000603332 0.0214167 -0.00349167 -0.00392916
0.082 30.4544 100 19.8957 100 0.000609088 0.0198957 -0.00347728 -0.00400522
0.0821 30.7402 100 18.5136 100 0.000614805 0.0185136 -0.00346299 -0.00407432
0.0822 31.0241 100 17.2577 100 0.000620481 0.0172577 -0.0034488 -0.00413712
0.0823 31.3059 100 16.1165 100 0.000626118 0.0161165 -0.0034347 -0.00419417
0.0824 31.5858 100 15.0795 100 0.000631716 0.0150795 -0.00342071 -0.00424602
0.0825 31.8637 100 14.1373 100 0.000637275 0.0141373 -0.00340681 -0.00429314
0.0826 32.1397 100 13.281 100 0.000642795 0.013281 -0.00339301 -0.00433595
0.0827 32.4138 100 12.503 100 0.000648276 0.012503 -0.00337931 -0.00437485
0.0828 32.6859 100 11.796 100 0.000653719 0.011796 -0.0033657 -0.0044102
0.0829 32.9562 100 11.1536 100 0.000659124 0.0111536 -0.00335219 -0.00444232
0.083 33.2246 100 10.5699 100 0.000664491 0.0105699 -0.00333877 -0.0044715
0.0831 33.4911 100 10.0395 100 0.000669821 0.0100395 -0.00332545 -0.00449803
0.0832 33.7557 100 10.1228 100 0.000675114 0.000202455 -0.00331221 -0.00449386
0.0833 34.0185 100 10.4094 100 0.00068037 0.000208188 -0.00329907 -0.00447953
0.0834 34.2795 100 10.7623 100 0.000685589 0.000215246 -0.00328603 -0.00446188
0.0835 34.5386 100 11.1357 100 0.000690772 0.000222715 -0.00327307 -0.00444321
0.0836 34.7959 100 11.5144 100 0.000695919 0.000230288 -0.0032602 -0.00442428
0.0837 35.0515 100 11.8932 100 0.000701029 0.000237864 -0.00324743 -0.00440534
0.0838 35.3052 100 12.2704 100 0.000706105 0.000245408 -0.00323474 -0.00438648
0.0839 35.5572 100 12.6455 100 0.000711144 0.000252911 -0.00322214 -0.00436772
0.084 35.8074 100 13.0184 100 0.000716149 0.000260368 -0.00320963 -0.00434908
0.0841 36.0559 100 13.3889 100 0.000721118 0.000267778 -0.0031972 -0.00433055
0.0842 36.3027 100 13.7571 100 0.000726053 0.000275141 -0.00318487 -0.00431215
0.0843 36.5477 100 14.1229 100 0.000730954 0.000282458 -0.00317262 -0.00429385
0.0844 36.791 100 14.4864 100 0.00073582 0.000289729 -0.00316045 -0.00427568
0.0845 37.0326 100 14.8476 100 0.000740653 0.000296953 -0.00314837 -0.00425762
0.0846 37.2726 100 15.2066 100 0.000745451 0.000304131 -0.00313637 -0.00423967
0.0847 37.5108 100 15.5632 100 0.000750217 0.000311264 -0.00312446 -0.00422184
0.0848 37.7474 100 15.9176 100 0.000754949 0.000318352 -0.00311263 -0.00420412
0.0849 37.9824 100 16.2697 100 0.000759648 0.000325395 -0.00310088 -0.00418651
0.085 38.2157 100 16.6196 100 0.000764314 0.000332393 -0.00308922 -0.00416902
0.0851 38.4474 100 16.9673 100 0.000768947 0.000339346 -0.00307763 -0.00415163
0.0852 38.6774 100 17.3128 100 0.000773549 0.000346256 -0.00306613 -0.00413436
0.0853 38.9059 100 17.6561 100 0.000778118 0.000353121 -0.00305471 -0.0041172
0.0854 39.1328 100 17.9972 100 0.000782655 0.000359944 -0.00304336 -0.00410014
0.0855 39.358 100 18.3361 100 0.000787161 0.000366722 -0.0030321 -0.00408319
0.0856 39.5818 100 18.6729 100 0.000791635 0.000373458 -0.00302091 -0.00406635
0.0857 39.8039 100 19.0076 100 0.000796078 0.000380151 -0.0030098 -0.00404962
0.0858 40.0245 100 19.3401 100 0.00080049 0.000386802 -0.00299877 -0.00403299
0.0859 40.2436 100 19.6705 100 0.000804872 0.000393411 -0.00298782 -0.00401647
0.086 40.4611 100 19.9989 100 0.000809222 0.000399977 -0.00297694 -0.00400006
0.0861 40.6771 100 20.3251 100 0.000813543 0.000406502 -0.00296614 -0.00398374
0.0862 40.8916 100 20.6493 100 0.000817833 0.000412986 -0.00295542 -0.00396754
0.0863 41.1047 100 20.9714 100 0.000822093 0.000419428 -0.00294477 -0.00395143
0.0864 41.3162 100 21.2915 100 0.000826324 0.000425829 -0.00293419 -0.00393543
0.0865 41.5262 100 21.6095 100 0.000830525 0.00043219 -0.00292369 -0.00391952
0.0866 41.7348 100 21.9255 100 0.000834697 0.000438511 -0.00291326 -0.00390372
0.0867 41.942 100 22.2396 100 0.000838839 0.000444791 -0.0029029 -0.00388802
0.0868 42.1477 100 22.5516 100 0.000842953 0.000451032 -0.00289262 -0.00387242
0.0869 42.3519 100 22.8617 100 0.000847038 0.000457233 -0.0028824 -0.00385692
0.087 42.5547 100 23.1697 100 0.000851095 0.000463395 -0.00287226 -0.00384151
0.0871 42.7562 100 23.4759 100 0.000855123 0.000469517 -0.00286219 -0.00382621
0.0872 42.9562 100 23.7801 100 0.000859123 0.000475601 -0.00285219 -0.003811
0.0873 43.1548 100 24.0823 100 0.000863096 0.000481646 -0.00284226 -0.00379588
0.0874 43.352 100 24.3827 100 0.00086704 0.000487653 -0.0028324 -0.00378087
0.0875 43.5479 100 24.6811 100 0.000870957 0.000493622 -0.00282261 -0.00376595
0.0876 43.7423 100 24.9776 100 0.000874847 0.000499553 -0.00281288 -0.00375112
0.0877 43.9355 100 25.2723 100 0.00087871 0.000505446 -0.00280323 -0.00373638
0.0878 44.1273 100 25.5651 100 0.000882545 0.000511302 -0.00279364 -0.00372175
0.0879 44.3177 100 25.856 100 0.000886354 0.000517121 -0.00278411 -0.0037072
0.088 44.5068 100 26.1451 100 0.000890136 0.000522902 -0.00277466 -0.00369274
0.0881 44.6946 100 26.4324 100 0.000893892 0.000528648 -0.00276527 -0.00367838
0.0882 44.8811 100 26.7178 100 0.000897622 0.000534356 -0.00275594 -0.00366411
0.0883 45.0663 100 27.0014 100 0.000901326 0.000540029 -0.00274669 -0.00364993
0.0884 45.2502 100 27.2833 100 0.000905004 0.000545665 -0.00273749 -0.00363584
0.0885 45.4328 100 27.5633 100 0.000908656 0.000551266 -0.00272836 -0.00362184
0.0886 45.6141 100 27.8416 100 0.000912283 0.000556831 -0.00271929 -0.00360792
0.0887 45.7942 100 28.118 100 0.000915884 0.000562361 -0.00271029 -0.0035941
0.0888 45.973 100 28.3928 100 0.000919461 0.000567856 -0.00270135 -0.00358036
0.0889 46.1506 100 28.6658 100 0.000923012 0.000573316 -0.00269247 -0.00356671
0.089 46.3269 100 28.9371 100 0.000926539 0.000578741 -0.00268365 -0.00355315
0.0891 46.502 100 29.2066 100 0.000930041 0.000584132 -0.0026749 -0.00353967
0.0892 46.6759 100 29.4744 100 0.000933518 0.000589489 -0.0026662 -0.00352628
0.0893 46.8486 100 29.7406 100 0.000936972 0.000594811 -0.00265757 -0.00351297
0.0894 47.02 100 30.005 100 0.000940401 0.0006001 -0.002649 -0.00349975
0.0895 47.1903 100 30.2678 100 0.000943806 0.000605356 -0.00264048 -0.00348661
0.0896 47.3594 100 30.5289 100 0.000947188 0.000610578 -0.00263203 -0.00347356
0.0897 47.5273 100 30.7883 100 0.000950546 0.000615767 -0.00262364 -0.00346058
0.0898 47.694 100 31.0461 100 0.00095388 0.000620923 -0.0026153 -0.00344769
0.0899 47.8596 100 31.3023 100 0.000957191 0.000626046 -0.00260702 -0.00343488
0.09 48.024 100 31.5569 100 0.00096048 0.000631137 -0.0025988 -0.00342216
0.0901 48.1872 100 31.8098 100 0.000963745 0.000636196 -0.00259064 -0.00340951
0.0902 48.3494 100 32.0611 100 0.000966987 0.000641222 -0.00258253 -0.00339694
0.0903 48.5104 100 32.3108 100 0.000970207 0.000646217 -0.00257448 -0.00338446
0.0904 48.6702 100 32.559 100 0.000973405 0.00065118 -0.00256649 -0.00337205
0.0905 48.829 100 32.8055 100 0.00097658 0.000656111 -0.00255855 -0.00335972
0.0906 48.9866 100 33.0506 100 0.000979733 0.000661011 -0.00255067 -0.00334747
0.0907 49.1432 100 33.294 100 0.000982864 0.00066588 -0.00254284 -0.0033353
0.0908 49.2986 100 33.5359 100 0.000985973 0.000670718 -0.00253507 -0.0033232
0.0909 49.453 100 33.7763 100 0.00098906 0.000675526 -0.00252735 -0.00331119
0.091 49.6063 100 34.0151 100 0.000992126 0.000680303 -0.00251968 -0.00329924
0.0911 49.7585 100 34.2525 100 0.000995171 0.000685049 -0.00251207 -0.00328738
0.0912 49.9097 100 34.4883 100 0.000998194 0.000689766 -0.00250452 -0.00327559
0.0913 47.0032 100 34.7226 100 0.0470032 0.000694452 -0.00264984 -0.00326387
0.0914 43.3343 100 34.9555 100 0.0433343 0.000699109 -0.00283329 -0.00325223
0.0915 39.6679 100 35.1868 100 0.0396679 0.000703737 -0.0030166 -0.00324066
0.0916 36.2422 100 35.4167 100 0.0362422 0.000708335 -0.00318789 -0.00322916
0.0917 33.1155 100 35.6452 100 0.0331155 0.000712904 -0.00334423 -0.00321774
0.0918 30.2865 100 35.8722 100 0.0302865 0.000717443 -0.00348567 -0.00320639
0.0919 27.7354 100 36.0977 100 0.0277354 0.000721954 -0.00361323 -0.00319511
0.092 25.4377 100 36.3218 100 0.0254377 0.000726437 -0.00372811 -0.00318391
0.0921 23.3693 100 36.5445 100 0.0233693 0.000730891 -0.00383153 -0.00317277
0.0922 21.5076 100 36.7658 100 0.0215076 0.000735317 -0.00392462 -0.00316171
0.0923 19.8322 100 36.9857 100 0.0198322 0.000739714 -0.00400839 -0.00315071
0.0924 18.3243 100 37.2042 100 0.0183243 0.000744084 -0.00408378 -0.00313979
0.0925 16.9673 100 37.4213 100 0.0169673 0.000748426 -0.00415163 -0.00312893
0.0926 15.7461 100 37.637 100 0.0157461 0.000752741 -0.0042127 -0.00311815
0.0927 14.647 100 37.8514 100 0.014647 0.000757028 -0.00426765 -0.00310743
0.0928 13.658 100 38.0644 100 0.013658 0.000761288 -0.0043171 -0.00309678
0.0929 12.7679 100 38.276 100 0.0127679 0.000765521 -0.00436161 -0.0030862
0.093 11.9668 100 38.4863 100 0.0119668 0.000769727 -0.00440166 -0.00307568
0.0931 11.2459 100 38.6953 100 0.0112459 0.000773906 -0.0044377 -0.00306523
0.0932 10.5972 100 38.903 100 0.0105972 0.000778059 -0.00447014 -0.00305485
0.0933 10.0133 100 39.1093 100 0.0100133 0.000782186 -0.00449933 -0.00304454
0.0934 10.1049 100 39.3143 100 0.000202097 0.000786286 -0.00449476 -0.00303429
0.0935 10.4201 100 39.518 100 0.000208402 0.00079036 -0.004479 -0.0030241
0.0936 10.8081 100 39.7204 100 0.000216161 0.000794409 -0.0044596 -0.00301398
0.0937 11.2184 100 39.9216 100 0.000224367 0.000798432 -0.00443908 -0.00300392
0.0938 11.6342 100 40.1214 100 0.000232684 0.000802429 -0.00441829 -0.00299393
0.0939 12.0499 100 40.32 100 0.000240998 0.000806401 -0.00439751 -0.002984
0.094 12.4636 100 40.5174 100 0.000249272 0.000810348 -0.00437682 -0.00297413
0.0941 12.8748 100 40.7135 100 0.000257496 0.000814269 -0.00435626 -0.00296433
0.0942 13.2832 100 40.9083 100 0.000265664 0.000818166 -0.00433584 -0.00295458
0.0943 13.6888 100 41.1019 100 0.000273775 0.000822038 -0.00431556 -0.0029449
0.0944 14.0915 100 41.2943 100 0.000281831 0.000825886 -0.00429542 -0.00293529
0.0945 14.4915 100 41.4854 100 0.00028983 0.000829709 -0.00427543 -0.00292573
0.0946 14.8887 100 41.6754 100 0.000297773 0.000833508 -0.00425557 -0.00291623
0.0947 15.2831 100 41.8641 100 0.000305661 0.000837283 -0.00423585 -0.00290679
0.0948 15.6747 100 42.0517 100 0.000313495 0.000841034 -0.00421626 -0.00289742
0.0949 16.0636 100 42.238 100 0.000321273 0.000844761 -0.00419682 -0.0028881
0.095 16.4499 100 42.4232 100 0.000328997 0.000848464 -0.00417751 -0.00287884
0.0951 16.8334 100 42.6072 100 0.000336667 0.000852144 -0.00415833 -0.00286964
0.0952 17.2142 100 42.79 100 0.000344284 0.0008558 -0.00413929 -0.0028605
0.0953 17.5924 100 42.9717 100 0.000351848 0.000859434 -0.00412038 -0.00285142
0.0954 17.9679 100 43.1522 100 0.000359359 0.000863044 -0.0041016 -0.00284239
0.0955 18.3409 100 43.3316 100 0.000366817 0.000866632 -0.00408296 -0.00283342
0.0956 18.7112 100 43.5098 100 0.000374224 0.000870196 -0.00406444 -0.00282451
0.0957 19.0789 100 43.6869 100 0.000381578 0.000873738 -0.00404605 -0.00281565
0.0958 19.4441 100 43.8629 100 0.000388882 0.000877258 -0.0040278 -0.00280686
0.0959 19.8067 100 44.0378 100 0.000396134 0.000880755 -0.00400966 -0.00279811
0.096 20.1668 100 44.2115 100 0.000403336 0.00088423 -0.00399166 -0.00278942
0.0961 20.5244 100 44.3842 100 0.000410488 0.000887683 -0.00397378 -0.00278079
0.0962 20.8795 100 44.5557 100 0.00041759 0.000891114 -0.00395603 -0.00277221
0.0963 21.2321 100 44.7262 100 0.000424642 0.000894524 -0.00393839 -0.00276369
0.0964 21.5823 100 44.8956 100 0.000431645 0.000897912 -0.00392089 -0.00275522
0.0965 21.93 100 45.0639 100 0.000438599 0.000901278 -0.0039035 -0.00274681
0.0966 22.2753 100 45.2311 100 0.000445505 0.000904623 -0.00388624 -0.00273844
0.0967 22.6181 100 45.3973 100 0.000452363 0.000907946 -0.00386909 -0.00273013
0.0968 22.9586 100 45.5624 100 0.000459172 0.000911249 -0.00385207 -0.00272188
0.0969 23.2967 100 45.7265 100 0.000465935 0.000914531 -0.00383516 -0.00271367
0.097 23.6325 100 45.8896 100 0.00047265 0.000917791 -0.00381838 -0.00270552
0.0971 23.9659 100 46.0516 100 0.000479318 0.000921032 -0.00380171 -0.00269742
0.0972 24.297 100 46.2126 100 0.000485939 0.000924251 -0.00378515 -0.00268937
0.0973 24.6257 100 46.3725 100 0.000492515 0.00092745 -0.00376871 -0.00268137
0.0974 24.9522 100 46.5315 100 0.000499045 0.000930629 -0.00375239 -0.00267343
0.0975 25.2764 100 46.6894 100 0.000505529 0.000933788 -0.00373618 -0.00266553
0.0976 25.5984 100 46.8463 100 0.000511968 0.000936927 -0.00372008 -0.00265768
0.0977 25.9181 100 47.0023 100 0.000518361 0.000940045 -0.0037041 -0.00264989
0.0978 26.2355 100 47.1572 100 0.000524711 0.000943144 -0.00368822 -0.00264214
0.0979 26.5508 100 47.3112 100 0.000531016 0.000946224 -0.00367246 -0.00263444
0.098 26.8638 100 47.4642 100 0.000537277 0.000949283 -0.00365681 -0.00262679
0.0981 27.1747 100 47.6162 100 0.000543494 0.000952324 -0.00364126 -0.00261919
0.0982 27.4834 100 47.7672 100 0.000549668 0.000955345 -0.00362583 -0.00261164
0.0983 27.79 100 47.9173 100 0.000555799 0.000958347 -0.0036105 -0.00260413
0.0984 28.0944 100 48.0665 100 0.000561887 0.00096133 -0.00359528 -0.00259668
0.0985 28.3967 100 48.2147 100 0.000567933 0.000964294 -0.00358017 -0.00258927
0.0986 28.6968 100 48.3619 100 0.000573937 0.000967239 -0.00356516 -0.0025819
0.0987 28.9949 100 48.5083 100 0.000579898 0.000970165 -0.00355025 -0.00257459
0.0988 29.2909 100 48.6537 100 0.000585818 0.000973073 -0.00353545 -0.00256732
0.0989 29.5849 100 48.7981 100 0.000591697 0.000975963 -0.00352076 -0.00256009
0.099 29.8767 100 48.9417 100 0.000597535 0.000978834 -0.00350616 -0.00255292
0.0991 30.1666 100 49.0843 100 0.000603332 0.000981687 -0.00349167 -0.00254578
0.0992 30.4544 100 49.2261 100 0.000609088 0.000984522 -0.00347728 -0.0025387
0.0993 30.7402 100 49.3669 100 0.000614805 0.000987338 -0.00346299 -0.00253165
0.0994 31.0241 100 49.5069 100 0.000620481 0.000990137 -0.0034488 -0.00252466
0.0995 31.3059 100 49.6459 100 0.000626118 0.000992919 -0.0034347 -0.0025177
0.0996 31.5858 100 49.7841 100 0.000631716 0.000995682 -0.00342071 -0.00251079
0.0997 31.8637 100 49.9214 100 0.000637275 0.000998428 -0.00340681 -0.00250393
0.0998 32.1397 100 47.2626 100 0.000642795 0.0472626 -0.00339301 -0.00263687
0.0999 32.4138 100 43.8866 100 0.000648276 0.0438866 -0.00337931 -0.00280567
0.1 32.6859 100 40.4878 100 0.000653719 0.0404878 -0.0033657 -0.00297561
